test_loss,accuracy,f1score,precision,recall,accuracy_per_0,accuracy_per_1,accuracy_per_2,accuracy_per_3,accuracy_per_4,accuracy_per_5,accuracy_per_6,accuracy_per_7,accuracy_per_8,accuracy_per_9,node_id,epoch
2.3045851392106127,0.1,0.01818181818181818,0.01,0.1,0.0,0.0,1.0,0.0,0.0,0.0,0.0,0.0,0.0,0.0,0,0
2.3045851392106127,0.1,0.01818181818181818,0.01,0.1,0.0,0.0,1.0,0.0,0.0,0.0,0.0,0.0,0.0,0.0,1,0
2.3045851392106127,0.1,0.01818181818181818,0.01,0.1,0.0,0.0,1.0,0.0,0.0,0.0,0.0,0.0,0.0,0.0,2,0
2.3045851392106127,0.1,0.01818181818181818,0.01,0.1,0.0,0.0,1.0,0.0,0.0,0.0,0.0,0.0,0.0,0.0,3,0
2.3045851392106127,0.1,0.01818181818181818,0.01,0.1,0.0,0.0,1.0,0.0,0.0,0.0,0.0,0.0,0.0,0.0,4,0
2.3045851392106127,0.1,0.01818181818181818,0.01,0.1,0.0,0.0,1.0,0.0,0.0,0.0,0.0,0.0,0.0,0.0,5,0
2.3045851392106127,0.1,0.01818181818181818,0.01,0.1,0.0,0.0,1.0,0.0,0.0,0.0,0.0,0.0,0.0,0.0,6,0
2.3045851392106127,0.1,0.01818181818181818,0.01,0.1,0.0,0.0,1.0,0.0,0.0,0.0,0.0,0.0,0.0,0.0,7,0
2.3045851392106127,0.1,0.01818181818181818,0.01,0.1,0.0,0.0,1.0,0.0,0.0,0.0,0.0,0.0,0.0,0.0,8,0
2.3045851392106127,0.1,0.01818181818181818,0.01,0.1,0.0,0.0,1.0,0.0,0.0,0.0,0.0,0.0,0.0,0.0,9,0
2.3045851392106127,0.1,0.01818181818181818,0.01,0.1,0.0,0.0,1.0,0.0,0.0,0.0,0.0,0.0,0.0,0.0,10,0
2.3045851392106127,0.1,0.01818181818181818,0.01,0.1,0.0,0.0,1.0,0.0,0.0,0.0,0.0,0.0,0.0,0.0,11,0
2.3045851392106127,0.1,0.01818181818181818,0.01,0.1,0.0,0.0,1.0,0.0,0.0,0.0,0.0,0.0,0.0,0.0,12,0
2.3045851392106127,0.1,0.01818181818181818,0.01,0.1,0.0,0.0,1.0,0.0,0.0,0.0,0.0,0.0,0.0,0.0,13,0
2.3045851392106127,0.1,0.01818181818181818,0.01,0.1,0.0,0.0,1.0,0.0,0.0,0.0,0.0,0.0,0.0,0.0,14,0
5.176902876113551,0.3415,0.253134599252784,0.23103945172614324,0.3415,0.808,0.821,0.967,0.819,0.0,0.0,0.0,0.0,0.0,0.0,0,1
5.523128463056522,0.3371,0.24924554401641963,0.22435814567863682,0.33709999999999996,0.759,0.94,0.963,0.709,0.0,0.0,0.0,0.0,0.0,0.0,1,1
4.98211742742374,0.3515,0.2572743188490224,0.23081386731186307,0.35150000000000003,0.773,0.879,0.95,0.913,0.0,0.0,0.0,0.0,0.0,0.0,2,1
6.055412241445182,0.3086,0.22051129940413813,0.23513059131821742,0.3086,0.313,0.913,0.968,0.892,0.0,0.0,0.0,0.0,0.0,0.0,3,1
5.263960834509268,0.3408,0.2601841435217437,0.24844350565360024,0.3408,0.7,0.842,0.979,0.887,0.0,0.0,0.0,0.0,0.0,0.0,4,1
9.208822210756734,0.2186,0.0933568609539794,0.06356926692270704,0.2186,0.0,0.0,0.0,0.0,0.997,0.996,0.193,0.0,0.0,0.0,5,1
7.957631095910606,0.2141,0.09071282043784112,0.061748228988549515,0.2141,0.0,0.0,0.0,0.0,0.995,0.991,0.155,0.0,0.0,0.0,6,1
6.395495346179024,0.2075,0.09213817775326241,0.09672772374657054,0.20750000000000002,0.0,0.0,0.0,0.0,0.119,0.976,0.98,0.0,0.0,0.0,7,1
9.007214753391644,0.2263,0.0986667861545748,0.0660322459433553,0.2263,0.0,0.0,0.0,0.0,0.986,0.999,0.278,0.0,0.0,0.0,8,1
8.966649610013627,0.2015,0.07556288982245973,0.10007305755288723,0.2015,0.0,0.0,0.0,0.0,0.026,0.996,0.993,0.0,0.0,0.0,9,1
9.401704226058131,0.2784,0.16889700923832113,0.1354813997157363,0.2784,0.0,0.0,0.0,0.0,0.0,0.0,0.0,0.825,0.992,0.967,10,1
10.077980507676974,0.2625,0.1572718248969535,0.13471756444224314,0.2625,0.0,0.0,0.0,0.0,0.0,0.0,0.0,0.635,0.992,0.998,11,1
9.674144249754592,0.2825,0.1719033009147084,0.1369894728051572,0.28250000000000003,0.0,0.0,0.0,0.0,0.0,0.0,0.0,0.903,0.988,0.934,12,1
10.349366634417647,0.2795,0.17024109583943678,0.13667947056585733,0.27949999999999997,0.0,0.0,0.0,0.0,0.0,0.0,0.0,0.961,0.989,0.845,13,1
9.019384114506146,0.2822,0.17148911047861515,0.1365530029535212,0.2822,0.0,0.0,0.0,0.0,0.0,0.0,0.0,0.889,0.985,0.948,14,1
5.702063584099181,0.3429,0.2557357449850605,0.2372732627272752,0.34290000000000004,0.792,0.787,0.967,0.883,0.0,0.0,0.0,0.0,0.0,0.0,0,2
5.3579186006856805,0.3494,0.25996100122589827,0.23324057613965002,0.3494,0.774,0.928,0.958,0.834,0.0,0.0,0.0,0.0,0.0,0.0,1,2
5.248375449317713,0.3519,0.26088360355187795,0.23747345310133183,0.3519,0.756,0.891,0.967,0.905,0.0,0.0,0.0,0.0,0.0,0.0,2,2
6.676342323565255,0.3252,0.238176127349318,0.23460564898744146,0.32520000000000004,0.464,0.902,0.968,0.918,0.0,0.0,0.0,0.0,0.0,0.0,3,2
6.099913328219526,0.3323,0.2500559818804003,0.23956740198591717,0.3323,0.762,0.713,0.975,0.873,0.0,0.0,0.0,0.0,0.0,0.0,4,2
10.369717629953696,0.2201,0.09568435220476887,0.06610864578188584,0.22010000000000002,0.0,0.0,0.0,0.0,0.999,0.996,0.206,0.0,0.0,0.0,5,2
8.362056147176236,0.2098,0.08803108651423812,0.06176769974547158,0.2098,0.0,0.0,0.0,0.0,0.999,0.99,0.109,0.0,0.0,0.0,6,2
7.037840485191954,0.2187,0.1062948488143474,0.10343094858181065,0.21869999999999998,0.0,0.0,0.0,0.0,0.224,0.992,0.971,0.0,0.0,0.0,7,2
9.234326377844278,0.2359,0.10565976404385699,0.06950587706853184,0.2359,0.0,0.0,0.0,0.0,0.971,0.997,0.391,0.0,0.0,0.0,8,2
9.193341567493475,0.2119,0.09609350597069004,0.09883582502896304,0.21189999999999998,0.0,0.0,0.0,0.0,0.15,0.995,0.974,0.0,0.0,0.0,9,2
8.95792758045867,0.2787,0.1692165389930234,0.13576528421449569,0.2787,0.0,0.0,0.0,0.0,0.0,0.0,0.0,0.829,0.993,0.965,10,2
9.620818515936026,0.2666,0.15984197831001362,0.1331818778636175,0.2666,0.0,0.0,0.0,0.0,0.0,0.0,0.0,0.678,0.993,0.995,11,2
9.149419236106995,0.2826,0.17195155293244826,0.13710006133089045,0.2826,0.0,0.0,0.0,0.0,0.0,0.0,0.0,0.893,0.989,0.944,12,2
10.05965743049646,0.2755,0.16717788615456053,0.13531209009408707,0.27549999999999997,0.0,0.0,0.0,0.0,0.0,0.0,0.0,0.973,0.994,0.788,13,2
8.493580367237616,0.2827,0.17179864201899891,0.13660610174300766,0.2827,0.0,0.0,0.0,0.0,0.0,0.0,0.0,0.912,0.985,0.93,14,2
5.544233396030463,0.348,0.25929810891664384,0.2379967144852487,0.348,0.799,0.829,0.97,0.882,0.0,0.0,0.0,0.0,0.0,0.0,0,3
5.292178914950679,0.3523,0.26136528205285203,0.23380193018558507,0.35229999999999995,0.787,0.92,0.959,0.857,0.0,0.0,0.0,0.0,0.0,0.0,1,3
5.135808099192172,0.3517,0.26016790538987367,0.2367504577773171,0.3517,0.747,0.898,0.967,0.905,0.0,0.0,0.0,0.0,0.0,0.0,2,3
6.83755380505571,0.3285,0.24277588268279793,0.2376204119467804,0.3285,0.504,0.894,0.971,0.916,0.0,0.0,0.0,0.0,0.0,0.0,3,3
5.969530193950422,0.337,0.2545236644498156,0.24226059857716598,0.337,0.753,0.757,0.975,0.885,0.0,0.0,0.0,0.0,0.0,0.0,4,3
10.14409558079875,0.2411,0.10964006720135702,0.07194341122938705,0.2411,0.0,0.0,0.0,0.0,0.957,0.995,0.459,0.0,0.0,0.0,5,3
8.662788656192085,0.22,0.09614308135568457,0.06626238882287079,0.22000000000000003,0.0,0.0,0.0,0.0,0.998,0.993,0.209,0.0,0.0,0.0,6,3
7.523352935291327,0.2345,0.11805755114288359,0.09449327362309791,0.23450000000000001,0.0,0.0,0.0,0.0,0.403,0.995,0.947,0.0,0.0,0.0,7,3
9.661449604521925,0.2334,0.1047246949497456,0.06963426154415937,0.23339999999999997,0.0,0.0,0.0,0.0,0.985,0.996,0.353,0.0,0.0,0.0,8,3
8.736759752511217,0.2163,0.10039540779732836,0.08762568452791168,0.21630000000000002,0.0,0.0,0.0,0.0,0.203,0.996,0.964,0.0,0.0,0.0,9,3
8.588558829249665,0.278,0.1687894411594566,0.1358463570792432,0.278,0.0,0.0,0.0,0.0,0.0,0.0,0.0,0.811,0.993,0.976,10,3
8.966276769059153,0.2697,0.1620716470218814,0.1333800104329681,0.2697,0.0,0.0,0.0,0.0,0.0,0.0,0.0,0.71,0.993,0.994,11,3
8.57357051959053,0.2822,0.17162677127342993,0.1369638287888197,0.2822,0.0,0.0,0.0,0.0,0.0,0.0,0.0,0.884,0.992,0.946,12,3
9.141981900309602,0.2747,0.16612962158019656,0.1345070845560527,0.2747,0.0,0.0,0.0,0.0,0.0,0.0,0.0,0.981,0.994,0.772,13,3
8.020843056444162,0.2831,0.17211811813184236,0.13690434223435513,0.2831,0.0,0.0,0.0,0.0,0.0,0.0,0.0,0.911,0.986,0.934,14,3
5.384912870181635,0.3496,0.26112382073640844,0.23922912149515208,0.3496,0.801,0.849,0.969,0.877,0.0,0.0,0.0,0.0,0.0,0.0,0,4
4.955672854432664,0.3542,0.26074422584039963,0.23183118576598744,0.35419999999999996,0.789,0.917,0.956,0.88,0.0,0.0,0.0,0.0,0.0,0.0,1,4
4.968243191417414,0.351,0.2580825733471414,0.23384585700072558,0.351,0.74,0.897,0.961,0.912,0.0,0.0,0.0,0.0,0.0,0.0,2,4
6.664777774018601,0.3456,0.2649150169691788,0.24941570175979644,0.3456,0.71,0.912,0.98,0.854,0.0,0.0,0.0,0.0,0.0,0.0,3,4
5.938017360699443,0.3386,0.25109207334633216,0.23613437916111496,0.3386,0.766,0.738,0.973,0.909,0.0,0.0,0.0,0.0,0.0,0.0,4,4
10.063903107810706,0.2408,0.10855495230128391,0.07080520995761226,0.2408,0.0,0.0,0.0,0.0,0.957,0.998,0.453,0.0,0.0,0.0,5,4
8.532564950827211,0.2353,0.10613061182051349,0.06986970837192966,0.23529999999999998,0.0,0.0,0.0,0.0,0.978,0.992,0.383,0.0,0.0,0.0,6,4
7.252351581098172,0.2521,0.12407965911623271,0.08657964324864745,0.2521,0.0,0.0,0.0,0.0,0.638,0.995,0.888,0.0,0.0,0.0,7,4
9.553513950433214,0.2371,0.10752881203788585,0.07103154432599122,0.2371,0.0,0.0,0.0,0.0,0.973,0.995,0.403,0.0,0.0,0.0,8,4
8.447161500827193,0.2255,0.10723144312179766,0.08161447874640496,0.22549999999999998,0.0,0.0,0.0,0.0,0.307,0.997,0.951,0.0,0.0,0.0,9,4
8.462378747166156,0.2789,0.1695895392878365,0.1610537508663254,0.27890000000000004,0.0,0.001,0.0,0.0,0.0,0.0,0.0,0.825,0.992,0.971,10,4
8.544959606073155,0.2712,0.16346039450160282,0.15878842105403454,0.2712,0.0,0.001,0.0,0.0,0.0,0.0,0.0,0.726,0.992,0.993,11,4
8.261219286690125,0.2845,0.1760168176408512,0.2149816449080797,0.2845,0.0,0.021,0.0,0.0,0.0,0.0,0.0,0.884,0.99,0.95,12,4
8.556772615962897,0.2823,0.1742960554280993,0.21105286138033078,0.2823,0.0,0.017,0.0,0.0,0.0,0.0,0.0,0.964,0.991,0.851,13,4
7.574185315031594,0.2861,0.17826600819679558,0.22108630004138652,0.28609999999999997,0.0,0.032,0.0,0.0,0.0,0.0,0.0,0.906,0.985,0.938,14,4
5.032505240303259,0.3506,0.2604673913656093,0.33607535595004384,0.35059999999999997,0.796,0.841,0.969,0.89,0.0,0.0,0.0,0.01,0.0,0.0,0,5
4.667229447882777,0.3561,0.2616877427516776,0.31816533743900427,0.3561,0.793,0.919,0.96,0.882,0.0,0.0,0.0,0.007,0.0,0.0,1,5
4.9510644152522465,0.3529,0.25804230456968347,0.3114515192180063,0.3529,0.743,0.907,0.969,0.906,0.0,0.0,0.0,0.004,0.0,0.0,2,5
6.504056436185258,0.3457,0.2657357417808914,0.24995532615471894,0.3457,0.724,0.914,0.98,0.839,0.0,0.0,0.0,0.0,0.0,0.0,3,5
5.448407496888036,0.3344,0.24811324871467794,0.3346191185265758,0.3344,0.779,0.691,0.971,0.898,0.0,0.0,0.0,0.005,0.0,0.0,4,5
10.000134216710782,0.2443,0.11078620545541167,0.07207482165456788,0.24430000000000002,0.0,0.0,0.0,0.0,0.949,0.998,0.496,0.0,0.0,0.0,5,5
8.344129408510348,0.2384,0.10795174607285771,0.07081203149422115,0.2384,0.0,0.0,0.0,0.0,0.975,0.993,0.416,0.0,0.0,0.0,6,5
6.708703591039005,0.245,0.12864585370172527,0.10216324187028783,0.24500000000000002,0.0,0.0,0.0,0.0,0.533,0.995,0.922,0.0,0.0,0.0,7,5
9.651768815403168,0.2546,0.11770244995156251,0.07661718247258373,0.25460000000000005,0.0,0.0,0.0,0.0,0.876,0.995,0.675,0.0,0.0,0.0,8,5
8.554190972361702,0.2298,0.10862894749193304,0.07832873367616132,0.2298,0.0,0.0,0.0,0.0,0.361,0.997,0.94,0.0,0.0,0.0,9,5
8.30269935869942,0.2826,0.17553275235038718,0.21825984317337027,0.28259999999999996,0.0,0.027,0.0,0.0,0.0,0.0,0.0,0.842,0.991,0.966,10,5
8.60176624809972,0.2728,0.16645560455120365,0.21090686500475084,0.2728,0.0,0.017,0.0,0.0,0.0,0.0,0.0,0.726,0.992,0.993,11,5
8.18169654444003,0.2922,0.1896460802854802,0.3297575603340131,0.29219999999999996,0.001,0.093,0.0,0.0,0.0,0.0,0.0,0.884,0.988,0.956,12,5
8.319144683143202,0.2899,0.19000850691272567,0.23069291759325986,0.2899,0.0,0.115,0.0,0.0,0.0,0.0,0.0,0.973,0.992,0.819,13,5
7.493343199403903,0.2955,0.1940995636952605,0.2317593316642646,0.2955,0.0,0.121,0.0,0.0,0.0,0.0,0.0,0.905,0.986,0.943,14,5
4.770222623127337,0.3704,0.287991010038737,0.352783684165375,0.3704,0.811,0.884,0.967,0.879,0.0,0.001,0.0,0.162,0.0,0.0,0,6
4.450449008911182,0.3815,0.301079019998031,0.4228985937417134,0.3815,0.803,0.919,0.958,0.888,0.0,0.006,0.0,0.241,0.0,0.0,1,6
4.805789978740314,0.366,0.28005987806160465,0.32353050425885177,0.366,0.74,0.908,0.968,0.907,0.0,0.0,0.0,0.137,0.0,0.0,2,6
5.3696532988319765,0.3568,0.26505187678860365,0.33628778077465954,0.35680000000000006,0.764,0.923,0.958,0.912,0.0,0.0,0.0,0.011,0.0,0.0,3,6
5.379710926415441,0.3396,0.26073384832564317,0.3280689907719642,0.3396,0.796,0.609,0.97,0.9,0.0,0.0,0.0,0.121,0.0,0.0,4,6
9.779516913258611,0.2474,0.1126019476019493,0.07307540571477517,0.2474,0.0,0.0,0.0,0.0,0.937,0.998,0.539,0.0,0.0,0.0,5,6
8.415316536022832,0.2389,0.10850191790213688,0.07111516287568345,0.23890000000000003,0.0,0.0,0.0,0.0,0.971,0.992,0.426,0.0,0.0,0.0,6,6
6.944341266498017,0.2321,0.11906626385265492,0.1048431460689275,0.23209999999999997,0.0,0.0,0.0,0.0,0.364,0.995,0.962,0.0,0.0,0.0,7,6
9.666673445473084,0.2568,0.11900161960349476,0.07746725797403226,0.25680000000000003,0.0,0.0,0.0,0.0,0.851,0.996,0.721,0.0,0.0,0.0,8,6
8.557994243816827,0.2274,0.1056550350659073,0.07505733131694374,0.2274,0.0,0.0,0.0,0.0,0.327,0.997,0.95,0.0,0.0,0.0,9,6
8.286121648721421,0.2886,0.18717548741265605,0.2295150233143266,0.2886,0.0,0.095,0.0,0.0,0.0,0.0,0.0,0.826,0.991,0.974,10,6
8.600206262387406,0.2784,0.17721205794862363,0.22523688779898493,0.2784,0.0,0.078,0.0,0.0,0.0,0.0,0.0,0.721,0.991,0.994,11,6
8.055072360907118,0.3031,0.20651868542250656,0.2333698618628345,0.30310000000000004,0.0,0.204,0.0,0.0,0.0,0.0,0.0,0.884,0.991,0.952,12,6
8.130051376720587,0.3065,0.2126929945147305,0.23427998974312633,0.30650000000000005,0.0,0.263,0.0,0.0,0.0,0.0,0.0,0.974,0.991,0.837,13,6
7.640171299346338,0.3058,0.2091435381914446,0.23462752743234289,0.30579999999999996,0.0,0.22,0.0,0.0,0.0,0.0,0.0,0.91,0.987,0.941,14,6
4.753387157528545,0.3834,0.3043712300671863,0.34371281941713894,0.3834,0.814,0.872,0.966,0.888,0.0,0.057,0.0,0.237,0.0,0.0,0,7
4.184845621212602,0.4036,0.32561624465720096,0.3553100895292093,0.40360000000000007,0.803,0.92,0.955,0.894,0.0,0.065,0.0,0.399,0.0,0.0,1,7
4.330756849374253,0.3837,0.30317677175781244,0.3479875668321378,0.38370000000000004,0.736,0.909,0.972,0.907,0.0,0.021,0.0,0.292,0.0,0.0,2,7
4.891047981600411,0.3758,0.2948440975558239,0.38872874738130553,0.37579999999999997,0.759,0.924,0.956,0.924,0.0,0.04,0.0,0.155,0.0,0.0,3,7
5.158096203407921,0.3468,0.26979632563198735,0.3433446022294352,0.3468,0.805,0.598,0.965,0.903,0.0,0.013,0.0,0.184,0.0,0.0,4,7
9.732205020733916,0.2457,0.11149247113898278,0.07234400902715615,0.24569999999999997,0.0,0.0,0.0,0.0,0.941,0.999,0.517,0.0,0.0,0.0,5,7
8.168501031284515,0.2504,0.11557950523975709,0.07519840113537896,0.2504,0.0,0.0,0.0,0.0,0.923,0.993,0.588,0.0,0.0,0.0,6,7
7.0426054198901875,0.2446,0.12439719023570665,0.09335206868099294,0.24459999999999998,0.0,0.0,0.0,0.0,0.522,0.995,0.929,0.0,0.0,0.0,7,7
9.672947409815682,0.2477,0.113749179005264,0.07434529295549527,0.24770000000000003,0.0,0.0,0.0,0.0,0.944,0.995,0.538,0.0,0.0,0.0,8,7
8.714569024765453,0.2324,0.11203940531908949,0.08269454039714139,0.2324,0.0,0.0,0.0,0.0,0.386,0.997,0.941,0.0,0.0,0.0,9,7
8.151306056366941,0.2974,0.20010259701129698,0.23337461326897674,0.2974,0.0,0.17,0.0,0.0,0.0,0.0,0.0,0.837,0.991,0.976,10,7
8.07056125360556,0.2893,0.1948923991450929,0.23007639364414895,0.2893,0.0,0.193,0.0,0.0,0.0,0.0,0.0,0.714,0.991,0.995,11,7
7.999992239589508,0.3185,0.22557791139122885,0.2363706804408025,0.3185,0.0,0.348,0.0,0.0,0.0,0.0,0.0,0.895,0.991,0.951,12,7
7.888584545245186,0.3219,0.23003090662332318,0.23475664597776377,0.3219,0.0,0.417,0.0,0.0,0.0,0.0,0.0,0.974,0.991,0.837,13,7
7.662076424485959,0.3144,0.21990522229880133,0.23519316207714192,0.3144,0.0,0.302,0.0,0.0,0.0,0.0,0.0,0.915,0.987,0.94,14,7
4.473019940403704,0.4055,0.3251033639006363,0.3571309314398851,0.40549999999999997,0.816,0.892,0.962,0.888,0.0,0.079,0.0,0.418,0.0,0.0,0,8
3.9624397331914203,0.438,0.36212217489119275,0.43926307186485375,0.43800000000000006,0.803,0.908,0.957,0.902,0.0,0.128,0.0,0.617,0.0,0.065,1,8
4.224098835128565,0.4097,0.32483463835064114,0.3622679554398772,0.40970000000000006,0.74,0.917,0.968,0.906,0.0,0.083,0.0,0.483,0.0,0.0,2,8
4.660317681087092,0.401,0.32344677855776116,0.3982471096040497,0.40099999999999997,0.808,0.926,0.939,0.916,0.0,0.049,0.0,0.372,0.0,0.0,3,8
4.981414530985653,0.3617,0.28578189566784257,0.3535687849038857,0.36169999999999997,0.816,0.573,0.962,0.906,0.0,0.032,0.0,0.328,0.0,0.0,4,8
9.68180700612906,0.2468,0.11205250256527192,0.07271137407260934,0.2468,0.0,0.0,0.0,0.0,0.95,0.999,0.519,0.0,0.0,0.0,5,8
8.536983957686743,0.2569,0.12016464221690797,0.07859353658637414,0.2569,0.0,0.0,0.0,0.0,0.864,0.995,0.71,0.0,0.0,0.0,6,8
7.07247893726483,0.2555,0.12676058150828792,0.08827412743028325,0.25549999999999995,0.0,0.0,0.0,0.0,0.687,0.995,0.873,0.0,0.0,0.0,7,8
9.633993293530644,0.2586,0.12014163814782206,0.07830668287598395,0.2586,0.0,0.0,0.0,0.0,0.831,0.996,0.759,0.0,0.0,0.0,8,8
8.854548175494891,0.241,0.11806007419895445,0.0856057169322598,0.24100000000000002,0.0,0.0,0.0,0.0,0.485,0.997,0.928,0.0,0.0,0.0,9,8
8.056649249201765,0.3094,0.21615876154021368,0.23433401607382845,0.3094,0.0,0.29,0.0,0.0,0.0,0.0,0.0,0.838,0.991,0.975,10,8
8.26840604379916,0.3047,0.21415526707161342,0.23227894562357446,0.3047,0.0,0.334,0.0,0.0,0.0,0.0,0.0,0.727,0.991,0.995,11,8
8.000706847102498,0.3316,0.23894818408548377,0.23674998153662097,0.3316,0.0,0.481,0.0,0.0,0.0,0.0,0.0,0.888,0.99,0.957,12,8
8.010948726544365,0.3323,0.24037419091389575,0.23397021498195114,0.33230000000000004,0.0,0.556,0.0,0.0,0.0,0.0,0.0,0.983,0.992,0.792,13,8
7.311703959212136,0.318,0.22409406015764266,0.2361038141843836,0.318,0.0,0.337,0.0,0.0,0.0,0.0,0.0,0.908,0.987,0.948,14,8
4.388464140434996,0.4244,0.34345912024405517,0.3525137878183725,0.4244,0.818,0.895,0.962,0.884,0.0,0.396,0.0,0.289,0.0,0.0,0,9
4.180458741447034,0.4494,0.36851880835398837,0.35175270237450235,0.44939999999999997,0.803,0.921,0.963,0.893,0.0,0.434,0.0,0.48,0.0,0.0,1,9
4.238088750610717,0.4166,0.3354668589805462,0.34639178235039836,0.4166,0.74,0.915,0.965,0.91,0.0,0.229,0.0,0.407,0.0,0.0,2,9
4.482883825850563,0.4183,0.3414238296845228,0.4508535843891227,0.4183,0.787,0.922,0.944,0.928,0.0,0.233,0.0,0.365,0.0,0.004,3,9
4.872344077585605,0.3826,0.3086405375563205,0.3407165092494747,0.38259999999999994,0.837,0.656,0.955,0.901,0.0,0.193,0.0,0.284,0.0,0.0,4,9
9.441924596366029,0.2472,0.1124640229458729,0.07297151836452782,0.2472,0.0,0.0,0.0,0.0,0.948,0.998,0.526,0.0,0.0,0.0,5,9
8.221908337772845,0.2586,0.12308206357836333,0.08136424943198847,0.2586,0.0,0.0,0.0,0.0,0.865,0.995,0.726,0.0,0.0,0.0,6,9
7.18945301683566,0.2603,0.1302565548983944,0.09074738198389268,0.26030000000000003,0.0,0.0,0.0,0.0,0.768,0.997,0.838,0.0,0.0,0.0,7,9
9.640846369746393,0.2582,0.12009859990630808,0.0783184769229143,0.2582,0.0,0.0,0.0,0.0,0.838,0.995,0.749,0.0,0.0,0.0,8,9
8.854753227660451,0.2351,0.115846466222399,0.08773829894623583,0.2351,0.0,0.0,0.0,0.0,0.408,0.997,0.946,0.0,0.0,0.0,9,9
7.804666097171771,0.3214,0.22947890104148852,0.23629054132404664,0.3214,0.0,0.396,0.0,0.0,0.0,0.0,0.0,0.857,0.991,0.97,10,9
7.741264856661471,0.3176,0.2275495531601567,0.23192773112596585,0.3176,0.0,0.472,0.0,0.0,0.0,0.0,0.0,0.718,0.991,0.995,11,9
7.7404436440513535,0.3341,0.24129017210623055,0.2377817726876748,0.33409999999999995,0.0,0.497,0.0,0.0,0.0,0.0,0.0,0.899,0.992,0.953,12,9
7.743782814318379,0.338,0.24533742572601733,0.3022514546341607,0.33799999999999997,0.0,0.589,0.0,0.0,0.002,0.0,0.0,0.981,0.992,0.816,13,9
7.1176161202378925,0.3242,0.23096513454572562,0.28622071968306695,0.3242,0.0,0.393,0.0,0.0,0.002,0.0,0.0,0.918,0.984,0.945,14,9
4.13309131015223,0.5105,0.4444353984223753,0.463401090701436,0.5105000000000001,0.834,0.895,0.959,0.898,0.0,0.214,0.0,0.641,0.0,0.664,0,10
3.818037991325695,0.5324,0.4630334442480457,0.46159008755952174,0.5324000000000001,0.807,0.929,0.961,0.892,0.0,0.243,0.0,0.753,0.0,0.739,1,10
4.012379718283876,0.4504,0.38046776999614523,0.48353576804250276,0.45039999999999997,0.742,0.917,0.968,0.909,0.0,0.135,0.0,0.615,0.0,0.218,2,10
4.252855752794126,0.458,0.39763140027623683,0.472057794767601,0.458,0.814,0.923,0.939,0.915,0.0,0.116,0.0,0.568,0.0,0.305,3,10
4.648657339068647,0.4244,0.3566356647796311,0.43894853736548256,0.4244,0.845,0.734,0.956,0.898,0.0,0.107,0.0,0.594,0.0,0.11,4,10
9.748170974536444,0.2487,0.11327413974794517,0.07347767200443645,0.2487,0.0,0.0,0.0,0.0,0.947,0.999,0.541,0.0,0.0,0.0,5,10
8.126456592791378,0.2605,0.13115871416654906,0.09064936348506789,0.2605,0.0,0.0,0.0,0.0,0.838,0.995,0.772,0.0,0.0,0.0,6,10
7.127872378681414,0.259,0.13206096920107893,0.09370069227006161,0.259,0.0,0.0,0.0,0.0,0.755,0.996,0.839,0.0,0.0,0.0,7,10
9.73761625107104,0.2601,0.12116876491128889,0.07912333755409594,0.2601,0.0,0.0,0.0,0.0,0.826,0.996,0.779,0.0,0.0,0.0,8,10
8.63082280021887,0.2448,0.12372321233883524,0.09224107677554393,0.2448,0.0,0.0,0.0,0.0,0.527,0.997,0.924,0.0,0.0,0.0,9,10
7.851160000688352,0.3328,0.2405233982207128,0.2365478193390557,0.3328,0.0,0.509,0.0,0.0,0.0,0.0,0.0,0.855,0.991,0.973,10,10
7.900145628200933,0.3306,0.23855134889471968,0.23292795959895835,0.3306,0.0,0.562,0.0,0.0,0.0,0.0,0.0,0.761,0.991,0.992,11,10
7.965748044248587,0.3438,0.24984111836123976,0.33797839207997404,0.3438,0.0,0.596,0.0,0.0,0.001,0.0,0.0,0.897,0.99,0.954,12,10
7.75492888517654,0.3484,0.2529318670417092,0.33512568820521604,0.3484,0.0,0.694,0.0,0.0,0.002,0.0,0.0,0.983,0.991,0.814,13,10
7.048861019146709,0.328,0.23468076141634162,0.27739241276115106,0.328,0.0,0.422,0.0,0.0,0.002,0.0,0.0,0.928,0.986,0.942,14,10
4.276694531638782,0.465,0.39105237935834136,0.4503673948638709,0.465,0.828,0.893,0.951,0.911,0.0,0.535,0.0,0.341,0.0,0.191,0,11
3.7925517593328943,0.4757,0.39295418026499224,0.44847554099463827,0.47569999999999996,0.806,0.93,0.962,0.898,0.0,0.723,0.0,0.338,0.0,0.1,1,11
3.848244902044059,0.4875,0.4222200939385991,0.4515263549237674,0.4875,0.744,0.919,0.962,0.914,0.0,0.548,0.0,0.364,0.0,0.424,2,11
4.05614923174008,0.4683,0.39359765356805776,0.4462027663509295,0.4683,0.825,0.927,0.931,0.92,0.0,0.53,0.0,0.382,0.0,0.168,3,11
4.553160846423798,0.4421,0.37437276008549,0.45131389090594876,0.44209999999999994,0.846,0.806,0.955,0.898,0.0,0.464,0.0,0.301,0.0,0.151,4,11
9.440451716462643,0.252,0.11673188724738108,0.16460366234124585,0.252,0.0,0.009,0.0,0.0,0.933,0.999,0.579,0.0,0.0,0.0,5,11
8.385873739711773,0.2611,0.1354842755024725,0.1854439167303054,0.2611,0.0,0.009,0.0,0.0,0.769,0.996,0.837,0.0,0.0,0.0,6,11
7.102919791834042,0.2681,0.1505130811424206,0.1964446817724025,0.2681,0.0,0.081,0.0,0.0,0.745,0.997,0.858,0.0,0.0,0.0,7,11
9.757005796645776,0.2608,0.12129075253106261,0.07910976966279257,0.26080000000000003,0.0,0.0,0.0,0.0,0.84,0.997,0.771,0.0,0.0,0.0,8,11
8.804806585890798,0.235,0.11695618281877036,0.09103320280191673,0.23499999999999996,0.0,0.0,0.0,0.0,0.403,0.997,0.95,0.0,0.0,0.0,9,11
7.456115139178194,0.3343,0.24200342273171369,0.33675921496172584,0.3343,0.0,0.525,0.0,0.0,0.001,0.0,0.0,0.85,0.992,0.975,10,11
7.455751243871622,0.3362,0.24331108564296527,0.3329576802962616,0.3362,0.0,0.635,0.0,0.0,0.001,0.0,0.0,0.741,0.991,0.994,11,11
7.3159556152721565,0.351,0.255425974065468,0.2884485453526486,0.351,0.0,0.664,0.0,0.0,0.001,0.0,0.0,0.899,0.992,0.954,12,11
7.38923394413421,0.354,0.25752066476890967,0.31209785712133814,0.354,0.0,0.723,0.0,0.0,0.003,0.0,0.0,0.98,0.992,0.842,13,11
6.987201907764228,0.332,0.2388389160711936,0.28754908680784547,0.332,0.0,0.463,0.0,0.0,0.003,0.0,0.0,0.919,0.985,0.95,14,11
3.917866800730221,0.5501,0.4698905753185622,0.48096056899201206,0.5500999999999999,0.833,0.899,0.95,0.912,0.0,0.234,0.0,0.762,0.0,0.911,0,12
3.7585763836059325,0.5566,0.4778583252901731,0.47108650485767567,0.5566000000000001,0.798,0.927,0.962,0.907,0.0,0.285,0.0,0.784,0.0,0.903,1,12
3.889824708048909,0.5307,0.44854678375096696,0.4837481844334464,0.5307000000000001,0.752,0.92,0.959,0.915,0.0,0.141,0.0,0.763,0.0,0.857,2,12
3.8541379687123407,0.5451,0.46444855056580775,0.4641681756403929,0.5451,0.825,0.93,0.92,0.922,0.0,0.245,0.0,0.722,0.0,0.887,3,12
4.345424324559708,0.532,0.4563182865100467,0.4865986692001794,0.532,0.852,0.875,0.951,0.897,0.0,0.158,0.0,0.764,0.0,0.823,4,12
9.136075248352636,0.2574,0.12446926458866019,0.17112685693429466,0.25739999999999996,0.0,0.041,0.0,0.0,0.941,0.999,0.593,0.0,0.0,0.0,5,12
8.434398989327038,0.2637,0.14287589750396001,0.19668926378593746,0.2637,0.0,0.04,0.0,0.0,0.733,0.997,0.867,0.0,0.0,0.0,6,12
7.046462959374863,0.2789,0.1679235697604397,0.19876333832522275,0.27890000000000004,0.0,0.193,0.0,0.0,0.713,0.997,0.886,0.0,0.0,0.0,7,12
9.647679146105489,0.261,0.12110628230195923,0.07888923519293356,0.261,0.0,0.0,0.0,0.0,0.856,0.997,0.757,0.0,0.0,0.0,8,12
8.607582889045009,0.2434,0.12370432934144271,0.16028178773813906,0.24339999999999998,0.0,0.002,0.0,0.0,0.5,0.997,0.935,0.0,0.0,0.0,9,12
7.71931642236801,0.3412,0.2479062754845857,0.33725101320370704,0.3412,0.0,0.592,0.0,0.0,0.001,0.0,0.0,0.851,0.991,0.977,10,12
7.581240126119254,0.3428,0.2483543989499851,0.333744578814758,0.3428,0.0,0.678,0.0,0.0,0.001,0.0,0.0,0.765,0.991,0.993,11,12
7.392018073663925,0.3585,0.26131290877889457,0.31015343577072507,0.3585,0.0,0.728,0.0,0.0,0.005,0.0,0.0,0.913,0.989,0.95,12,12
7.36372133641959,0.3598,0.2614333207867196,0.28706582185631035,0.3598,0.0,0.777,0.0,0.0,0.004,0.0,0.0,0.985,0.992,0.84,13,12
7.080718104450847,0.335,0.24182803681359624,0.38960239742981967,0.335,0.001,0.472,0.0,0.0,0.003,0.0,0.0,0.943,0.987,0.944,14,12
3.9877121560870648,0.5268,0.45389612845445104,0.4634903811061248,0.5267999999999999,0.837,0.901,0.949,0.919,0.0,0.709,0.0,0.354,0.0,0.599,0,13
3.734596870577754,0.5168,0.4473329947607018,0.458699658820698,0.5168,0.808,0.932,0.959,0.904,0.0,0.697,0.0,0.467,0.0,0.401,1,13
3.9311186543668803,0.5108,0.44239880147933314,0.460716026820307,0.5108,0.751,0.924,0.962,0.923,0.0,0.664,0.0,0.378,0.0,0.506,2,13
4.065463050104939,0.5151,0.44541339491272663,0.4562342844771533,0.5151,0.833,0.934,0.935,0.914,0.0,0.634,0.0,0.421,0.0,0.48,3,13
4.345893359603211,0.5038,0.44063796951533496,0.4597000529337552,0.5038,0.85,0.849,0.954,0.901,0.0,0.594,0.0,0.397,0.0,0.493,4,13
9.234100507851988,0.2574,0.12455122275111799,0.1711202237406903,0.25739999999999996,0.0,0.043,0.0,0.0,0.947,0.999,0.585,0.0,0.0,0.0,5,13
8.487212971757396,0.2649,0.14201011903912203,0.19222850109132633,0.2649,0.0,0.041,0.0,0.0,0.745,0.997,0.866,0.0,0.0,0.0,6,13
7.12034078299428,0.3092,0.2018965777155855,0.2008298810174895,0.30920000000000003,0.0,0.454,0.0,0.0,0.786,0.997,0.855,0.0,0.0,0.0,7,13
9.458542087969308,0.2634,0.12509501481042418,0.16952570550569387,0.2634,0.0,0.019,0.0,0.0,0.88,0.997,0.738,0.0,0.0,0.0,8,13
8.443725907383635,0.2487,0.12959683534809047,0.18956141734295096,0.2487,0.0,0.014,0.0,0.0,0.546,0.997,0.93,0.0,0.0,0.0,9,13
7.244144210419335,0.3464,0.25189245748068256,0.28823946725766963,0.3464,0.0,0.626,0.0,0.0,0.001,0.0,0.0,0.868,0.992,0.977,10,13
6.959247633291128,0.3503,0.25405941252265407,0.3590579126778837,0.3503,0.001,0.746,0.0,0.0,0.003,0.0,0.0,0.77,0.991,0.992,11,13
7.224052120702336,0.3593,0.2616897511585067,0.27320094981064363,0.3593,0.0,0.733,0.0,0.0,0.001,0.0,0.0,0.919,0.992,0.948,12,13
7.217214889038866,0.3632,0.2643407915406637,0.296402799728311,0.3632,0.0,0.781,0.0,0.0,0.004,0.0,0.0,0.981,0.992,0.874,13,13
6.772574775135174,0.3368,0.24374717135997964,0.38311471440973277,0.3368,0.001,0.502,0.0,0.0,0.004,0.0,0.0,0.921,0.987,0.953,14,13
3.9027563061196204,0.5597,0.47551493351821117,0.4748683922708117,0.5597,0.852,0.904,0.949,0.914,0.0,0.29,0.0,0.707,0.0,0.981,0,14
3.5609763352253947,0.5711,0.4939873269632901,0.4779768630635724,0.5711,0.81,0.931,0.956,0.908,0.0,0.413,0.0,0.759,0.0,0.934,1,14
3.926470394522999,0.549,0.4706407341973313,0.4816324337670709,0.549,0.755,0.926,0.961,0.926,0.0,0.262,0.0,0.744,0.0,0.916,2,14
3.771655264563454,0.5602,0.475071186850519,0.46313459409530483,0.5601999999999999,0.822,0.93,0.912,0.936,0.0,0.333,0.0,0.726,0.0,0.943,3,14
4.396531280237265,0.5549,0.47792758723843665,0.47916345683377093,0.5549,0.861,0.863,0.952,0.911,0.0,0.296,0.0,0.714,0.0,0.952,4,14
8.945272220209384,0.2662,0.13270878719390924,0.17629143923849866,0.2662,0.0,0.058,0.0,0.0,0.93,0.999,0.675,0.0,0.0,0.0,5,14
8.105942797736999,0.2646,0.1437337746143131,0.19555268754263846,0.2646,0.0,0.042,0.0,0.0,0.717,0.997,0.89,0.0,0.0,0.0,6,14
6.846564186266817,0.3083,0.19857982261962384,0.19736343167186915,0.30829999999999996,0.0,0.432,0.0,0.0,0.841,0.997,0.813,0.0,0.0,0.0,7,14
9.490546054352587,0.2628,0.12533267426971773,0.17109044976210389,0.2628,0.0,0.026,0.0,0.0,0.915,0.997,0.69,0.0,0.0,0.0,8,14
8.640122693948472,0.256,0.1391929513711249,0.19630310120486552,0.256,0.0,0.05,0.0,0.0,0.591,0.997,0.922,0.0,0.0,0.0,9,14
7.270157874963535,0.3517,0.2565570671424157,0.38054024244307516,0.3517,0.002,0.671,0.0,0.0,0.003,0.0,0.0,0.869,0.992,0.98,10,14
7.241430212514469,0.3552,0.257894717055977,0.3859582603295806,0.35519999999999996,0.001,0.754,0.0,0.0,0.002,0.0,0.0,0.816,0.99,0.989,11,14
7.2472334784059855,0.3628,0.2648540785927163,0.29014371924976257,0.3628,0.0,0.76,0.0,0.0,0.006,0.0,0.0,0.917,0.989,0.956,12,14
7.249812551199819,0.3638,0.2647326240121294,0.35464435711796627,0.3638,0.0,0.817,0.0,0.002,0.004,0.0,0.0,0.991,0.992,0.832,13,14
7.097733219591573,0.3362,0.24325646056094224,0.33186934127406315,0.33619999999999994,0.001,0.479,0.0,0.0,0.005,0.0,0.0,0.935,0.989,0.953,14,14
3.941012032877523,0.558,0.47999483171964374,0.4655098446579494,0.558,0.853,0.906,0.95,0.917,0.0,0.69,0.0,0.428,0.0,0.836,0,15
3.784863950726323,0.5262,0.45296285825807897,0.4680522260109427,0.5262,0.806,0.945,0.962,0.899,0.0,0.814,0.0,0.403,0.0,0.433,1,15
3.9078028285846163,0.531,0.4603851736692284,0.468564452952152,0.531,0.754,0.93,0.963,0.923,0.0,0.717,0.0,0.372,0.0,0.651,2,15
3.845110534859922,0.5363,0.4613111972505757,0.45632780511714843,0.5363,0.835,0.929,0.92,0.929,0.0,0.709,0.0,0.469,0.0,0.572,3,15
4.322401855509883,0.5279,0.4563854665045982,0.47092196032134626,0.5279,0.865,0.892,0.955,0.903,0.0,0.718,0.0,0.315,0.0,0.631,4,15
8.508455157660828,0.2766,0.15013319251005092,0.1816027150131657,0.2766,0.0,0.141,0.0,0.0,0.926,0.999,0.7,0.0,0.0,0.0,5,15
8.468699997606368,0.2689,0.15089143487919907,0.1976336793039572,0.26890000000000003,0.0,0.085,0.0,0.0,0.709,0.998,0.897,0.0,0.0,0.0,6,15
7.094770137494365,0.3093,0.19823011630282605,0.1979880202669008,0.3093,0.0,0.418,0.0,0.0,0.852,0.997,0.826,0.0,0.0,0.0,7,15
9.159557723389646,0.2662,0.1313872527537908,0.17514656584809007,0.2662,0.0,0.057,0.0,0.0,0.935,0.997,0.673,0.0,0.0,0.0,8,15
8.548136359205643,0.261,0.14791979223168758,0.199998965426952,0.261,0.0,0.086,0.0,0.0,0.604,0.997,0.923,0.0,0.0,0.0,9,15
6.874236484686026,0.3549,0.25878589190840695,0.3805066539290122,0.3549,0.002,0.702,0.0,0.0,0.003,0.0,0.0,0.873,0.992,0.977,10,15
6.853328759677875,0.3578,0.2599339888532918,0.4024601363125093,0.3578,0.001,0.79,0.0,0.001,0.004,0.0,0.0,0.8,0.99,0.992,11,15
7.048536538316038,0.3632,0.26487056595137076,0.2976525582791122,0.36319999999999997,0.0,0.76,0.0,0.0,0.004,0.0,0.0,0.929,0.99,0.949,12,15
7.017394243337857,0.3677,0.26855182306802405,0.4159209889822435,0.3677,0.001,0.81,0.0,0.003,0.005,0.0,0.0,0.985,0.992,0.881,13,15
6.950531350918852,0.3403,0.24706492404117258,0.3357731010797303,0.3403,0.001,0.514,0.0,0.0,0.004,0.0,0.0,0.955,0.99,0.939,14,15
4.009896517752078,0.5652,0.47983128501692357,0.4762320390352245,0.5651999999999999,0.852,0.908,0.952,0.921,0.0,0.311,0.0,0.733,0.0,0.975,0,16
3.6660322297495394,0.5751,0.49730460156882217,0.4809534511079647,0.5751,0.817,0.946,0.962,0.904,0.0,0.429,0.0,0.739,0.0,0.954,1,16
3.8157285425228813,0.5652,0.48708081098365213,0.4732651360317554,0.5651999999999999,0.768,0.934,0.953,0.926,0.0,0.413,0.0,0.702,0.0,0.956,2,16
3.7446428895377504,0.5686,0.48465799998238496,0.4612364773347338,0.5686,0.834,0.931,0.908,0.938,0.0,0.438,0.0,0.698,0.0,0.939,3,16
4.204634072681586,0.5686,0.4922106289964453,0.4832194276517748,0.5686,0.873,0.906,0.957,0.894,0.0,0.377,0.0,0.721,0.0,0.958,4,16
8.673607084316949,0.2665,0.13489624579134168,0.1779104873084083,0.2665,0.0,0.063,0.0,0.0,0.942,0.999,0.661,0.0,0.0,0.0,5,16
8.173005509300355,0.2719,0.15336712840385516,0.19853287293283048,0.2719,0.0,0.09,0.0,0.0,0.738,0.998,0.893,0.0,0.0,0.0,6,16
6.926496720542542,0.3109,0.19906705244682824,0.1972994503485562,0.3109,0.0,0.432,0.0,0.0,0.853,0.997,0.827,0.0,0.0,0.0,7,16
9.056629299736633,0.2714,0.13993226968090147,0.17682580305197165,0.2714,0.0,0.106,0.0,0.0,0.951,0.997,0.66,0.0,0.0,0.0,8,16
8.318010059027626,0.2601,0.1482942952741322,0.20265809849177777,0.2601,0.0,0.084,0.0,0.0,0.586,0.997,0.934,0.0,0.0,0.0,9,16
6.992284678803466,0.3557,0.2594975819907626,0.3810388155835293,0.3557,0.002,0.704,0.0,0.0,0.003,0.0,0.0,0.877,0.992,0.979,10,16
6.7921827372651515,0.359,0.2612454089350838,0.4194208421119175,0.359,0.001,0.807,0.0,0.005,0.003,0.0,0.0,0.792,0.99,0.992,11,16
7.006609757487386,0.3659,0.2673045514397737,0.3294208905179896,0.3659,0.001,0.788,0.0,0.0,0.007,0.0,0.0,0.916,0.989,0.958,12,16
7.01906695228796,0.3672,0.2685309524117612,0.4402920897170234,0.36719999999999997,0.002,0.832,0.0,0.008,0.005,0.0,0.0,0.993,0.991,0.841,13,16
6.800274780383125,0.3452,0.2515911416967547,0.337663171441989,0.3452,0.002,0.558,0.0,0.0,0.005,0.0,0.0,0.951,0.991,0.945,14,16
3.968282576376638,0.5634,0.48434421828521035,0.4690739273399588,0.5634,0.863,0.909,0.95,0.916,0.0,0.744,0.0,0.448,0.0,0.804,0,17
3.723526507330398,0.5488,0.4756294758402885,0.4722536457378174,0.5488000000000001,0.818,0.944,0.958,0.913,0.0,0.795,0.0,0.45,0.0,0.61,1,17
4.018869430683672,0.5493,0.475274265922894,0.4723565668823612,0.5493,0.77,0.938,0.956,0.929,0.0,0.756,0.0,0.409,0.0,0.735,2,17
3.74180815509333,0.5391,0.45721854012582225,0.4578218282737018,0.5391,0.841,0.931,0.894,0.944,0.0,0.811,0.0,0.396,0.0,0.574,3,17
4.262184261894835,0.5274,0.45461078648745123,0.47370094483597064,0.5274,0.877,0.918,0.958,0.897,0.0,0.79,0.0,0.403,0.0,0.431,4,17
8.48749387607026,0.2684,0.13638637434659334,0.17746391417123006,0.26839999999999997,0.0,0.076,0.0,0.0,0.946,0.999,0.663,0.0,0.0,0.0,5,17
8.276113388256524,0.2713,0.15247095440096126,0.19870035588177373,0.2713,0.0,0.086,0.0,0.0,0.725,0.998,0.904,0.0,0.0,0.0,6,17
6.912585549461194,0.3157,0.20281777142525503,0.19576902490839967,0.3157,0.0,0.481,0.0,0.0,0.857,0.997,0.822,0.0,0.0,0.0,7,17
9.107283823787213,0.27,0.13723241921645837,0.17638444360706,0.27,0.0,0.091,0.0,0.0,0.959,0.997,0.653,0.0,0.0,0.0,8,17
7.690187565434855,0.2767,0.16645001719398406,0.19851206485358616,0.2767,0.0,0.191,0.0,0.0,0.666,0.997,0.913,0.0,0.0,0.0,9,17
6.938079490448339,0.3583,0.26175176205484213,0.36431095081946596,0.3583,0.002,0.716,0.0,0.0,0.004,0.0,0.0,0.89,0.992,0.979,10,17
6.281176711042849,0.3678,0.26993737720666655,0.4407573045423037,0.3678,0.002,0.833,0.0,0.023,0.004,0.0,0.0,0.834,0.991,0.991,11,17
6.855415106581423,0.3671,0.2678438154502857,0.33145190032853,0.3671,0.001,0.788,0.0,0.0,0.004,0.0,0.0,0.936,0.989,0.953,12,17
6.961044350371194,0.3667,0.26848193215675065,0.44084528995569894,0.36669999999999997,0.002,0.815,0.0,0.005,0.005,0.0,0.0,0.991,0.992,0.857,13,17
6.742028058908237,0.3471,0.25327486273144306,0.33993460399296815,0.3471,0.002,0.573,0.0,0.0,0.005,0.0,0.0,0.948,0.991,0.952,14,17
3.9694992991301197,0.5705,0.486004791519695,0.4757958342366865,0.5705,0.869,0.914,0.951,0.918,0.0,0.373,0.0,0.706,0.0,0.974,0,18
3.591440687354761,0.5835,0.5059644795668544,0.4813670158770531,0.5835,0.815,0.949,0.955,0.921,0.0,0.547,0.0,0.71,0.0,0.938,1,18
3.8168084644281066,0.5735,0.49521633467286713,0.47535365463366297,0.5735000000000001,0.776,0.944,0.957,0.925,0.0,0.489,0.0,0.683,0.0,0.961,2,18
3.7194887708170343,0.5728,0.4873472634947832,0.4634411329560167,0.5728000000000001,0.844,0.932,0.898,0.944,0.0,0.46,0.0,0.708,0.0,0.942,3,18
4.151458008411212,0.5794,0.5030339817089434,0.48311744750890373,0.5794,0.88,0.915,0.959,0.906,0.0,0.503,0.0,0.681,0.0,0.95,4,18
8.110500049286376,0.2699,0.1338596633304571,0.17844579634569083,0.2699,0.0,0.041,0.0,0.0,0.932,0.999,0.727,0.0,0.0,0.0,5,18
7.718720999769509,0.2756,0.15719606072387268,0.19840657473840945,0.2756,0.0,0.111,0.0,0.0,0.754,0.997,0.894,0.0,0.0,0.0,6,18
6.801021997921002,0.3078,0.19352623492713592,0.1960466658983459,0.30779999999999996,0.0,0.384,0.0,0.0,0.859,0.997,0.838,0.0,0.0,0.0,7,18
8.764229870451906,0.2744,0.14380439429314346,0.1776453283025984,0.27440000000000003,0.0,0.126,0.0,0.0,0.958,0.997,0.663,0.0,0.0,0.0,8,18
7.838081995138345,0.2755,0.16678890761003803,0.2018007593428565,0.27549999999999997,0.0,0.187,0.0,0.0,0.647,0.997,0.924,0.0,0.0,0.0,9,18
6.803695406776647,0.3614,0.26410949341654455,0.3590435064259315,0.3614,0.003,0.741,0.0,0.0,0.003,0.0,0.0,0.899,0.991,0.977,10,18
6.592604546501232,0.368,0.2694917645062563,0.4422860059757573,0.368,0.002,0.837,0.0,0.017,0.003,0.0,0.0,0.839,0.991,0.991,11,18
6.695382449573602,0.3702,0.2704132551813154,0.32620935743173335,0.3702,0.001,0.818,0.0,0.0,0.008,0.0,0.0,0.927,0.989,0.959,12,18
6.878249741209962,0.3633,0.2655374217424404,0.4315523336592643,0.3633,0.002,0.839,0.0,0.008,0.005,0.0,0.0,0.993,0.991,0.795,13,18
6.542093849029785,0.3515,0.2569063038212514,0.32772559450420236,0.35150000000000003,0.002,0.621,0.0,0.0,0.005,0.0,0.0,0.944,0.987,0.956,14,18
3.9292011356201417,0.575,0.49422694098529607,0.47258280503449157,0.575,0.872,0.91,0.947,0.929,0.0,0.739,0.0,0.504,0.0,0.849,0,19
3.8560137489733224,0.552,0.4779392508380327,0.4795821382232431,0.5519999999999999,0.81,0.952,0.961,0.919,0.0,0.847,0.0,0.45,0.0,0.581,1,19
3.9225455865311547,0.5509,0.47464160639804165,0.4749404242350771,0.5509,0.779,0.944,0.956,0.932,0.0,0.807,0.0,0.397,0.0,0.694,2,19
3.7208147481226694,0.5566,0.4741681236141561,0.4624242035810549,0.5566,0.843,0.932,0.903,0.941,0.0,0.822,0.0,0.453,0.0,0.672,3,19
4.288892820049018,0.5581,0.4830124085657661,0.4806611531880997,0.5580999999999999,0.876,0.915,0.961,0.91,0.0,0.787,0.0,0.401,0.0,0.731,4,19
8.043942649524432,0.2721,0.13623466868238035,0.1795723221882382,0.2721,0.0,0.052,0.0,0.0,0.934,0.999,0.736,0.0,0.0,0.0,5,19
7.859436908088172,0.2736,0.151587676216147,0.19924757519421665,0.2736,0.0,0.073,0.0,0.0,0.768,0.997,0.898,0.0,0.0,0.0,6,19
6.853142902873956,0.3215,0.206518832931611,0.19612657968707767,0.3215,0.0,0.513,0.0,0.0,0.867,0.997,0.838,0.0,0.0,0.0,7,19
8.713963078995482,0.2675,0.13079564448987005,0.1749974294288301,0.2675,0.0,0.052,0.0,0.0,0.961,0.998,0.664,0.0,0.0,0.0,8,19
7.550600257544472,0.2851,0.17595874768852346,0.19944581842177403,0.2851,0.0,0.252,0.0,0.0,0.686,0.997,0.916,0.0,0.0,0.0,9,19
6.617679367431055,0.3641,0.2662392365242804,0.36142268846773107,0.3641,0.003,0.753,0.0,0.0,0.004,0.0,0.0,0.916,0.991,0.974,10,19
6.016587990922288,0.3711,0.27432852772021643,0.4826996482127533,0.37110000000000004,0.002,0.839,0.0,0.032,0.006,0.0,0.001,0.849,0.991,0.991,11,19
6.499831217927293,0.3712,0.27081988193577744,0.35081211814190083,0.3712,0.001,0.816,0.0,0.0,0.004,0.0,0.001,0.945,0.989,0.956,12,19
6.565665867381965,0.3726,0.27340820553853673,0.42986432440065914,0.3726,0.002,0.84,0.0,0.01,0.006,0.0,0.0,0.989,0.991,0.888,13,19
6.525615684521465,0.354,0.25898826749901294,0.3310952086167735,0.354,0.002,0.638,0.0,0.0,0.005,0.0,0.0,0.955,0.99,0.95,14,19
4.002274223790763,0.5796,0.4968548272188048,0.47995960914574887,0.5795999999999999,0.878,0.911,0.948,0.924,0.0,0.46,0.0,0.703,0.0,0.972,0,20
3.68669884939925,0.5889,0.5119594581796475,0.4844373396447411,0.5889,0.824,0.956,0.958,0.918,0.0,0.612,0.0,0.687,0.0,0.934,1,20
3.747138862411816,0.5839,0.5045484535258421,0.4779947198988772,0.5839000000000001,0.792,0.948,0.952,0.934,0.0,0.588,0.0,0.672,0.0,0.953,2,20
3.6473032258950866,0.5841,0.49982747393203975,0.46822434414931446,0.5841000000000001,0.847,0.931,0.904,0.947,0.0,0.612,0.0,0.675,0.0,0.925,3,20
4.184037113151612,0.5859,0.5105355425568232,0.4876207530515654,0.5859,0.883,0.921,0.962,0.904,0.0,0.597,0.0,0.648,0.0,0.944,4,20
7.82257368465582,0.269,0.12795416541706542,0.08476627996820209,0.269,0.0,0.0,0.0,0.0,0.922,0.999,0.769,0.0,0.0,0.0,5,20
7.439517534578951,0.2725,0.14578763908399656,0.19630629855826948,0.27249999999999996,0.0,0.042,0.0,0.0,0.809,0.998,0.876,0.0,0.0,0.0,6,20
6.70277420781291,0.3153,0.20093144657603154,0.19698304052357757,0.31529999999999997,0.0,0.449,0.0,0.0,0.852,0.997,0.855,0.0,0.0,0.0,7,20
8.515647321463392,0.2738,0.14054001043118552,0.1775714418979589,0.2738,0.0,0.102,0.0,0.0,0.957,0.998,0.681,0.0,0.0,0.0,8,20
7.50645827942382,0.2688,0.1491590398074181,0.1984373965714267,0.2688,0.0,0.074,0.0,0.0,0.694,0.997,0.923,0.0,0.0,0.0,9,20
6.467865393946346,0.3644,0.26634249670673427,0.450004116769586,0.3644,0.003,0.762,0.0,0.001,0.003,0.0,0.0,0.909,0.992,0.974,10,20
6.1546172745311605,0.3718,0.2748867442933922,0.428354399780703,0.3718,0.002,0.84,0.0,0.035,0.004,0.0,0.0,0.855,0.991,0.991,11,20
6.314120191354721,0.3743,0.2741983066186741,0.41775310555836986,0.37429999999999997,0.001,0.84,0.0,0.005,0.011,0.0,0.0,0.937,0.989,0.96,12,20
6.324107791669071,0.3725,0.27355840011753974,0.4347880834433819,0.37249999999999994,0.002,0.85,0.0,0.011,0.008,0.0,0.0,0.99,0.991,0.873,13,20
6.347320980157334,0.3569,0.2611222018019004,0.3287046711670662,0.35689999999999994,0.002,0.664,0.0,0.0,0.005,0.0,0.0,0.955,0.99,0.953,14,20
3.929364775125973,0.5809,0.4990883687130617,0.4753564226283693,0.5809000000000001,0.888,0.921,0.95,0.924,0.0,0.761,0.0,0.526,0.0,0.839,0,21
3.7834463932643683,0.5766,0.500605857992896,0.48370716613146697,0.5766,0.817,0.955,0.957,0.927,0.0,0.815,0.0,0.512,0.0,0.783,1,21
3.79372035657255,0.5602,0.48196959850129534,0.4761702846636792,0.5602,0.796,0.95,0.953,0.933,0.0,0.839,0.0,0.435,0.0,0.696,2,21
3.656502170113329,0.5669,0.48154877697367776,0.46522559730039736,0.5669000000000001,0.852,0.932,0.898,0.952,0.0,0.811,0.0,0.435,0.0,0.789,3,21
4.166205026090336,0.5637,0.48902873945819125,0.4843455061298421,0.5637000000000001,0.884,0.934,0.964,0.899,0.0,0.812,0.0,0.441,0.0,0.703,4,21
7.766710677466834,0.2696,0.1282664022841552,0.08500003206871759,0.2696,0.0,0.0,0.0,0.0,0.912,0.999,0.785,0.0,0.0,0.0,5,21
7.4699499416656,0.2764,0.15261499146816387,0.19672113708715935,0.27640000000000003,0.0,0.083,0.0,0.0,0.804,0.997,0.88,0.0,0.0,0.0,6,21
6.6510899744856475,0.3149,0.2006026757085845,0.19811611565067447,0.3149,0.0,0.434,0.0,0.0,0.861,0.997,0.857,0.0,0.0,0.0,7,21
8.365748525808414,0.2719,0.13485886306194322,0.1769080520221536,0.2719,0.0,0.064,0.0,0.0,0.952,0.998,0.705,0.0,0.0,0.0,8,21
7.232005562645178,0.2769,0.16052453202454614,0.19803986380789973,0.2769,0.0,0.138,0.0,0.0,0.718,0.997,0.916,0.0,0.0,0.0,9,21
6.069879612602746,0.3673,0.26861623915935995,0.45051334914056407,0.3673,0.003,0.779,0.0,0.001,0.005,0.0,0.0,0.917,0.992,0.976,10,21
5.807442838772417,0.3732,0.27733798308708973,0.5500214079439927,0.37320000000000003,0.005,0.837,0.0,0.039,0.006,0.0,0.001,0.865,0.991,0.988,11,21
6.212600521386241,0.3727,0.2723601652269993,0.40910422467521207,0.3727,0.002,0.831,0.0,0.003,0.005,0.0,0.0,0.938,0.988,0.96,12,21
6.241389371335697,0.3721,0.27397694030460995,0.4362186685319691,0.3721,0.002,0.843,0.0,0.013,0.009,0.0,0.0,0.989,0.991,0.874,13,21
6.0754908456589085,0.3612,0.2644337318284223,0.33472760088060133,0.36119999999999997,0.002,0.704,0.0,0.0,0.006,0.0,0.0,0.954,0.99,0.956,14,21
3.944605744494417,0.5902,0.5070729669828409,0.4826071415748352,0.5902000000000001,0.883,0.919,0.949,0.929,0.0,0.56,0.0,0.701,0.0,0.961,0,22
3.6496273760978406,0.5901,0.5115081095539074,0.48719322938382603,0.5901,0.821,0.958,0.952,0.928,0.0,0.585,0.0,0.695,0.0,0.962,1,22
3.6805595511826463,0.5901,0.5108009662264694,0.48233115737573096,0.5901,0.808,0.952,0.955,0.934,0.0,0.664,0.0,0.655,0.0,0.933,2,22
3.5561472543131427,0.5862,0.5012488805028449,0.46983363802230527,0.5862,0.845,0.932,0.902,0.956,0.0,0.673,0.0,0.622,0.0,0.932,3,22
4.0713020326992195,0.5918,0.5161668366780156,0.4911705624293171,0.5918,0.883,0.937,0.964,0.904,0.0,0.68,0.0,0.624,0.0,0.926,4,22
7.627754107831766,0.2699,0.1276678014668289,0.08422435357900923,0.2699,0.0,0.0,0.0,0.0,0.92,0.999,0.78,0.0,0.0,0.0,5,22
6.999343878164078,0.272,0.14104154980959363,0.19196330102281567,0.27199999999999996,0.0,0.021,0.0,0.0,0.828,0.998,0.873,0.0,0.0,0.0,6,22
6.497879229414577,0.3073,0.19163133892107465,0.19646848672876702,0.3073,0.0,0.361,0.0,0.0,0.852,0.998,0.862,0.0,0.0,0.0,7,22
8.242544299116531,0.2738,0.1375068510673043,0.17769651663658179,0.27379999999999993,0.0,0.077,0.0,0.0,0.951,0.998,0.712,0.0,0.0,0.0,8,22
7.344001162166412,0.2786,0.16080116288120033,0.19925461745152317,0.2786,0.0,0.134,0.0,0.0,0.736,0.997,0.919,0.0,0.0,0.0,9,22
6.290656588709774,0.3679,0.2691205932842728,0.4563222454347734,0.3679,0.004,0.776,0.0,0.001,0.003,0.0,0.0,0.932,0.992,0.971,10,22
5.705974856123757,0.3732,0.2783718827020227,0.5499396446424047,0.37320000000000003,0.006,0.844,0.0,0.048,0.006,0.0,0.001,0.845,0.991,0.991,11,22
5.957395161302706,0.3776,0.2788089446606684,0.44268931717170573,0.3776,0.002,0.852,0.0,0.017,0.016,0.0,0.0,0.941,0.988,0.96,12,22
6.220482291504979,0.3718,0.2735548443927012,0.4307851571567213,0.3718,0.002,0.854,0.0,0.013,0.009,0.0,0.0,0.989,0.991,0.86,13,22
6.242654969517035,0.3612,0.26492867746899196,0.34005752090966074,0.3612,0.002,0.697,0.0,0.0,0.008,0.0,0.0,0.958,0.99,0.957,14,22
3.9365455820537605,0.5912,0.5081396462482071,0.47945739817554067,0.5912,0.888,0.92,0.95,0.928,0.0,0.737,0.0,0.583,0.0,0.906,0,23
3.682118136852313,0.5842,0.5060971500387431,0.48484649317946377,0.5842,0.818,0.957,0.952,0.935,0.0,0.822,0.0,0.538,0.0,0.82,1,23
3.7485536491147244,0.5699,0.4898296389358873,0.4784428828287891,0.5699,0.809,0.952,0.953,0.934,0.0,0.852,0.0,0.458,0.0,0.741,2,23
3.6180314954858237,0.5657,0.48010419959114464,0.46760863345432463,0.5657,0.851,0.932,0.892,0.954,0.0,0.854,0.0,0.43,0.0,0.744,3,23
4.103691539063621,0.5759,0.49863855924705797,0.49015167451514136,0.5759,0.888,0.952,0.962,0.902,0.0,0.84,0.0,0.442,0.0,0.773,4,23
7.8575423030426705,0.2707,0.12727748219263027,0.08367555326441363,0.2707,0.0,0.0,0.0,0.0,0.913,0.999,0.795,0.0,0.0,0.0,5,23
7.05561064455075,0.2734,0.14287237905239478,0.19268624982997654,0.2734,0.0,0.033,0.0,0.0,0.835,0.998,0.868,0.0,0.0,0.0,6,23
6.478485035820129,0.3177,0.20238574164688844,0.19740210759328383,0.3177,0.0,0.455,0.0,0.0,0.868,0.998,0.856,0.0,0.0,0.0,7,23
8.055008316954105,0.2793,0.1453122404726824,0.17947208491613478,0.2793,0.0,0.116,0.0,0.0,0.945,0.998,0.734,0.0,0.0,0.0,8,23
7.130077328544836,0.275,0.15410173615573736,0.19944955363619418,0.275,0.0,0.09,0.0,0.0,0.737,0.997,0.926,0.0,0.0,0.0,9,23
5.9753819220363145,0.3691,0.2708616870332373,0.5615800613736053,0.3691,0.004,0.777,0.0,0.001,0.006,0.0,0.001,0.938,0.992,0.972,10,23
5.687976310047478,0.3768,0.28158922639057865,0.5629057869688805,0.37679999999999997,0.006,0.84,0.0,0.047,0.009,0.0,0.001,0.893,0.991,0.981,11,23
6.03946284668895,0.3743,0.2755427727278176,0.43508691461341964,0.3743,0.002,0.826,0.0,0.008,0.014,0.0,0.0,0.947,0.988,0.958,12,23
5.967737486568122,0.3766,0.2791915708361631,0.4436726288594263,0.3766,0.002,0.85,0.0,0.023,0.013,0.0,0.0,0.988,0.992,0.898,13,23
5.8566516664462345,0.3634,0.2667709096707202,0.45449112002672615,0.3634,0.004,0.714,0.0,0.001,0.008,0.0,0.0,0.965,0.989,0.953,14,23
3.878683267500454,0.5958,0.5131920724844488,0.48641152858815195,0.5958,0.888,0.919,0.95,0.926,0.0,0.614,0.0,0.703,0.0,0.958,0,24
3.5195129262372706,0.5983,0.5195600019479116,0.4904904306530832,0.5982999999999999,0.821,0.954,0.952,0.936,0.0,0.705,0.0,0.677,0.0,0.938,1,24
3.6300890977009415,0.5929,0.5124463669781714,0.4820732918623941,0.5929,0.815,0.954,0.953,0.932,0.0,0.72,0.0,0.642,0.0,0.913,2,24
3.54997835848659,0.5903,0.5051327152617969,0.4736382058935623,0.5902999999999999,0.857,0.936,0.899,0.954,0.0,0.732,0.0,0.603,0.0,0.922,3,24
4.098937945434461,0.5956,0.519342273940595,0.4948420912220953,0.5956,0.884,0.952,0.966,0.904,0.0,0.745,0.0,0.6,0.0,0.905,4,24
7.411604006831258,0.2712,0.12782662037531808,0.08416217354142,0.2712,0.0,0.0,0.0,0.0,0.911,0.999,0.802,0.0,0.0,0.0,5,24
6.806057245967487,0.2722,0.13795619168092643,0.18480781781932137,0.2722,0.0,0.009,0.0,0.0,0.838,0.998,0.877,0.0,0.0,0.0,6,24
6.414801768982373,0.304,0.18674722050366185,0.19679663111073906,0.304,0.0,0.313,0.0,0.0,0.862,0.998,0.867,0.0,0.0,0.0,7,24
8.00771818831325,0.2798,0.1450573435923974,0.17965797166664216,0.2798,0.0,0.112,0.0,0.0,0.944,0.999,0.743,0.0,0.0,0.0,8,24
7.1874469766220725,0.2716,0.14894478031541158,0.1993128749988839,0.2716,0.0,0.061,0.0,0.0,0.725,0.997,0.933,0.0,0.0,0.0,9,24
6.112834240300968,0.3687,0.27045913756728324,0.5658412702266606,0.3687,0.004,0.772,0.0,0.001,0.005,0.0,0.001,0.941,0.993,0.97,10,24
5.583863821273414,0.3777,0.28312484705130786,0.46921795740992067,0.37770000000000004,0.008,0.843,0.0,0.054,0.009,0.0,0.0,0.887,0.991,0.985,11,24
5.814671955931301,0.3768,0.2789710348983465,0.43655107439226076,0.37679999999999997,0.002,0.838,0.0,0.016,0.019,0.0,0.0,0.945,0.988,0.96,12,24
5.780979701886162,0.3799,0.28196237657708545,0.4408018565437116,0.3799,0.002,0.865,0.0,0.029,0.013,0.0,0.0,0.986,0.992,0.912,13,24
5.820933702273871,0.3665,0.269164557483074,0.5622969786595341,0.3665,0.004,0.739,0.0,0.001,0.008,0.0,0.001,0.967,0.99,0.955,14,24
3.9342876316640325,0.5973,0.5138438680742685,0.4851043632591008,0.5972999999999999,0.891,0.925,0.95,0.926,0.0,0.779,0.0,0.588,0.0,0.914,0,25
3.732355929220827,0.5918,0.5135315567107048,0.48926831673469817,0.5918,0.822,0.955,0.952,0.936,0.0,0.812,0.0,0.574,0.0,0.867,1,25
3.7257124863493556,0.5739,0.4927157818578175,0.47882756425240663,0.5738999999999999,0.817,0.951,0.952,0.935,0.0,0.852,0.0,0.472,0.0,0.76,2,25
3.5401605670444503,0.5786,0.4919523566125782,0.47404836450477744,0.5786,0.862,0.936,0.901,0.956,0.0,0.868,0.0,0.458,0.0,0.805,3,25
4.131688205197977,0.5748,0.49748849681443774,0.4910786374296826,0.5748,0.89,0.956,0.963,0.896,0.0,0.854,0.0,0.432,0.0,0.757,4,25
7.469649071129747,0.2719,0.12794500912456908,0.08415655614152852,0.27190000000000003,0.0,0.0,0.0,0.0,0.91,0.999,0.81,0.0,0.0,0.0,5,25
6.792849229928404,0.2834,0.15766525180079485,0.1945202062882346,0.2834,0.0,0.116,0.0,0.0,0.84,0.998,0.88,0.0,0.0,0.0,6,25
6.313887697439224,0.3109,0.19538262630710185,0.19808787838454403,0.3109,0.0,0.381,0.0,0.0,0.866,0.998,0.864,0.0,0.0,0.0,7,25
7.938863393216849,0.2795,0.1431599431820753,0.17975430799629571,0.27949999999999997,0.0,0.097,0.0,0.0,0.941,0.999,0.758,0.0,0.0,0.0,8,25
6.910092984525541,0.2885,0.17292147282249773,0.19966623348002283,0.28850000000000003,0.0,0.209,0.0,0.0,0.753,0.997,0.926,0.0,0.0,0.0,9,25
5.7460643948076635,0.3724,0.2736419369143928,0.5808559944527879,0.3724,0.005,0.799,0.0,0.001,0.009,0.0,0.001,0.949,0.993,0.967,10,25
5.40038552147131,0.3818,0.287423618505448,0.4725396576975984,0.38180000000000003,0.008,0.854,0.0,0.063,0.012,0.0,0.0,0.907,0.991,0.983,11,25
5.719025887620335,0.3775,0.279021858638507,0.4442139214887826,0.37749999999999995,0.003,0.845,0.0,0.017,0.014,0.0,0.0,0.946,0.988,0.962,12,25
5.553560461099155,0.3777,0.28125627659727775,0.4345210062387605,0.37770000000000004,0.002,0.866,0.0,0.036,0.014,0.0,0.0,0.988,0.992,0.879,13,25
5.63090273823601,0.3689,0.2710565985257346,0.46659429143647735,0.3689,0.004,0.76,0.0,0.001,0.011,0.0,0.0,0.964,0.99,0.959,14,25
3.886427846960366,0.6027,0.5198744675819025,0.4897227116958347,0.6026999999999999,0.891,0.927,0.951,0.927,0.0,0.693,0.0,0.682,0.0,0.956,0,26
3.6266233399272347,0.6013,0.5225819927455162,0.49346884103627237,0.6013,0.823,0.952,0.952,0.941,0.0,0.741,0.0,0.67,0.0,0.934,1,26
3.6690595452777877,0.5976,0.5170464040413462,0.48636121928506065,0.5976,0.822,0.956,0.951,0.935,0.0,0.775,0.0,0.647,0.0,0.89,2,26
3.6255897567295037,0.5927,0.5069967391118422,0.4779932659396424,0.5927,0.86,0.939,0.906,0.955,0.0,0.811,0.0,0.569,0.0,0.887,3,26
4.0837152743111025,0.6006,0.5234320289970279,0.497900290392366,0.6005999999999999,0.897,0.959,0.962,0.889,0.0,0.761,0.0,0.613,0.0,0.925,4,26
7.229124197182945,0.2721,0.12737830297130817,0.18304841560687693,0.2721,0.0,0.002,0.0,0.0,0.925,0.998,0.796,0.0,0.0,0.0,5,26
6.685675518962141,0.2777,0.1447194511335055,0.19459838637592006,0.27769999999999995,0.0,0.041,0.0,0.0,0.867,0.998,0.871,0.0,0.0,0.0,6,26
6.36584200569616,0.3079,0.1924545542600618,0.19901464003762276,0.3079,0.0,0.35,0.0,0.0,0.85,0.998,0.881,0.0,0.0,0.0,7,26
7.953797945199303,0.2826,0.1471647612129173,0.18062678734580878,0.2826,0.0,0.117,0.0,0.0,0.944,0.999,0.766,0.0,0.0,0.0,8,26
6.920448103651833,0.2803,0.15776961644810544,0.19785616484318047,0.2803,0.0,0.11,0.0,0.0,0.774,0.997,0.922,0.0,0.0,0.0,9,26
5.7536551084000465,0.3724,0.27368962710745875,0.4804233788872965,0.3724,0.006,0.799,0.0,0.001,0.009,0.0,0.0,0.95,0.993,0.966,10,26
5.318532217805759,0.3823,0.2877992069236315,0.477416784836422,0.38230000000000003,0.009,0.852,0.0,0.062,0.012,0.0,0.0,0.919,0.991,0.978,11,26
5.1355033187439645,0.3841,0.2876943251276666,0.4650254830604136,0.3841,0.003,0.874,0.0,0.043,0.026,0.0,0.0,0.943,0.988,0.964,12,26
5.426685240322028,0.3825,0.2861124805800291,0.4573579631249577,0.3825,0.004,0.877,0.0,0.046,0.015,0.0,0.0,0.987,0.992,0.904,13,26
5.898801900327396,0.3663,0.26905945751055044,0.46908703419529063,0.3663,0.004,0.735,0.0,0.001,0.008,0.0,0.0,0.965,0.992,0.958,14,26
3.8829873835507294,0.6037,0.5198736028642005,0.489059487016522,0.6037000000000001,0.894,0.931,0.95,0.927,0.0,0.798,0.0,0.621,0.0,0.916,0,27
3.649098204347653,0.595,0.5152580351772971,0.4908466811437366,0.595,0.838,0.953,0.949,0.939,0.0,0.85,0.0,0.58,0.0,0.841,1,27
3.695108331811314,0.5795,0.4988615956118032,0.4815263354263627,0.5795,0.821,0.952,0.953,0.939,0.0,0.861,0.0,0.528,0.0,0.741,2,27
3.620336257611601,0.5727,0.4860809274745345,0.4751972931738071,0.5727,0.872,0.936,0.9,0.952,0.0,0.879,0.0,0.413,0.0,0.775,3,27
4.132794456169628,0.5807,0.5025265291216201,0.49228777236253407,0.5807,0.89,0.959,0.961,0.898,0.0,0.858,0.0,0.458,0.0,0.783,4,27
7.122592939736363,0.2734,0.12890551261716696,0.18385810225202204,0.2734,0.0,0.005,0.0,0.0,0.918,0.998,0.813,0.0,0.0,0.0,5,27
6.659995886464469,0.2829,0.15352840646129928,0.1949603087826508,0.28290000000000004,0.0,0.089,0.0,0.0,0.857,0.998,0.885,0.0,0.0,0.0,6,27
6.088965123453841,0.3153,0.2001843693821431,0.19918118000933288,0.3153,0.0,0.419,0.0,0.0,0.86,0.998,0.876,0.0,0.0,0.0,7,27
7.843210933307489,0.2828,0.1474548748694983,0.18155664793691578,0.2828,0.0,0.118,0.0,0.0,0.943,0.999,0.768,0.0,0.0,0.0,8,27
6.618761442720699,0.2937,0.17721264691842326,0.1999589186713204,0.2937,0.0,0.232,0.0,0.0,0.788,0.997,0.92,0.0,0.0,0.0,9,27
5.423754449088733,0.3755,0.27629776466273925,0.48435818960617427,0.3755,0.007,0.82,0.0,0.001,0.013,0.0,0.0,0.955,0.993,0.966,10,27
5.087140811517978,0.3842,0.2902769763031722,0.4778859374921047,0.3842,0.011,0.857,0.0,0.066,0.016,0.0,0.0,0.927,0.99,0.975,11,27
5.419440757733184,0.3796,0.28211708188715506,0.45669695249594733,0.3796,0.003,0.847,0.0,0.023,0.021,0.0,0.0,0.953,0.988,0.961,12,27
5.183089890038244,0.3814,0.28610116444374545,0.45309410242989595,0.3814,0.003,0.875,0.0,0.046,0.021,0.0,0.0,0.987,0.992,0.89,13,27
5.522280168990358,0.3709,0.27251199106780455,0.46671410650309203,0.37089999999999995,0.004,0.775,0.0,0.001,0.01,0.0,0.0,0.97,0.992,0.957,14,27
3.8456296796044604,0.6101,0.5270095486265611,0.495805301082168,0.6101,0.884,0.935,0.952,0.931,0.0,0.709,0.0,0.73,0.0,0.96,0,28
3.5806405117717413,0.6064,0.5265428993929739,0.49581536807701754,0.6063999999999999,0.827,0.957,0.954,0.938,0.0,0.753,0.0,0.689,0.0,0.946,1,28
3.6590288087201954,0.6012,0.5197180636692086,0.4885719290226215,0.6012,0.832,0.953,0.952,0.935,0.0,0.805,0.0,0.649,0.0,0.886,2,28
3.473088339304391,0.5979,0.5114225283415005,0.4802782486510301,0.5979,0.872,0.937,0.897,0.955,0.0,0.796,0.0,0.594,0.0,0.928,3,28
4.052907337015048,0.6079,0.5303926678508553,0.5026917586092319,0.6079,0.897,0.962,0.962,0.889,0.0,0.751,0.0,0.668,0.0,0.95,4,28
6.921454738885069,0.275,0.13142661943727796,0.18375742550790253,0.275,0.0,0.018,0.0,0.0,0.916,0.999,0.817,0.0,0.0,0.0,5,28
6.617532999751667,0.2828,0.1511571589122457,0.19273839314693353,0.28280000000000005,0.0,0.083,0.0,0.0,0.883,0.998,0.864,0.0,0.0,0.0,6,28
6.255963253898742,0.3076,0.19233523481611547,0.19923598027150083,0.3076,0.0,0.347,0.0,0.0,0.856,0.998,0.875,0.0,0.0,0.0,7,28
7.833455288372101,0.2878,0.15483776237867805,0.18248930307614275,0.2878,0.0,0.16,0.0,0.0,0.942,0.999,0.777,0.0,0.0,0.0,8,28
6.768646228046844,0.2866,0.16581714889887778,0.19847703054603827,0.2866,0.0,0.157,0.0,0.0,0.799,0.997,0.913,0.0,0.0,0.0,9,28
5.466968310907626,0.3747,0.2765870101211695,0.4894872149307831,0.3747,0.007,0.808,0.0,0.001,0.017,0.0,0.0,0.959,0.993,0.962,10,28
5.196824459222178,0.3838,0.2896758484809827,0.4812700849186157,0.38380000000000003,0.011,0.85,0.0,0.063,0.014,0.0,0.0,0.94,0.99,0.97,11,28
5.093241524772522,0.3854,0.2899971540829056,0.4666889935332579,0.3854,0.003,0.871,0.0,0.039,0.039,0.0,0.0,0.95,0.988,0.964,12,28
5.271594103913719,0.382,0.28680065520935927,0.45906883352373856,0.382,0.004,0.873,0.0,0.052,0.016,0.0,0.0,0.987,0.992,0.896,13,28
5.821200544460893,0.3685,0.2710466224865791,0.47284297495339994,0.3685,0.004,0.751,0.0,0.001,0.01,0.0,0.0,0.966,0.993,0.96,14,28
3.7681836414451415,0.6068,0.5225868012180832,0.4912200697826446,0.6068,0.884,0.935,0.951,0.928,0.0,0.831,0.0,0.632,0.0,0.907,0,29
3.684603681198705,0.6002,0.5200238313652945,0.4935996106422185,0.6002,0.831,0.954,0.955,0.942,0.0,0.85,0.0,0.609,0.0,0.861,1,29
3.63016588752643,0.5898,0.5076859166559833,0.484911531278152,0.5898,0.837,0.953,0.952,0.938,0.0,0.873,0.0,0.57,0.0,0.775,2,29
3.618515144712247,0.5806,0.4930885350781751,0.47773895454998627,0.5805999999999999,0.869,0.939,0.908,0.955,0.0,0.889,0.0,0.438,0.0,0.808,3,29
4.159014826003736,0.598,0.5197562934396046,0.49861089958217963,0.5980000000000001,0.9,0.961,0.962,0.891,0.0,0.839,0.0,0.555,0.0,0.872,4,29
7.056259747892142,0.2753,0.13161664659736982,0.1839129459816602,0.2753,0.0,0.018,0.0,0.0,0.917,0.999,0.819,0.0,0.0,0.0,5,29
6.71148498827657,0.283,0.1515229143158207,0.19449791450017612,0.28300000000000003,0.0,0.077,0.0,0.0,0.872,0.998,0.883,0.0,0.0,0.0,6,29
6.159113081118551,0.3124,0.19694806885807165,0.199513269298306,0.31239999999999996,0.0,0.385,0.0,0.0,0.857,0.998,0.884,0.0,0.0,0.0,7,29
7.794639428964438,0.2843,0.14895773902157355,0.1819826950383058,0.2843,0.0,0.124,0.0,0.0,0.942,0.999,0.778,0.0,0.0,0.0,8,29
6.69734856495842,0.2961,0.1795802341755237,0.1998483993864057,0.29610000000000003,0.0,0.248,0.0,0.0,0.795,0.997,0.921,0.0,0.0,0.0,9,29
5.191633683804887,0.3778,0.2792238269896027,0.49360366472222295,0.37779999999999997,0.008,0.831,0.0,0.001,0.022,0.0,0.0,0.962,0.993,0.961,10,29
4.976244261470466,0.387,0.29414792869037354,0.4850592991082038,0.387,0.012,0.857,0.0,0.075,0.021,0.0,0.0,0.943,0.991,0.971,11,29
5.162839658724995,0.3828,0.2863401221709582,0.46372939160949694,0.3828,0.003,0.862,0.0,0.027,0.035,0.0,0.0,0.951,0.989,0.961,12,29
5.161647326649187,0.3811,0.2873714429649827,0.46446682265255373,0.3811,0.005,0.87,0.0,0.057,0.02,0.0,0.0,0.988,0.992,0.879,13,29
5.453565908316225,0.3719,0.27378829836391716,0.47490187593467237,0.3719,0.004,0.783,0.0,0.001,0.015,0.0,0.0,0.965,0.993,0.958,14,29
3.88106610466497,0.612,0.5279138586712215,0.49589597068767544,0.612,0.887,0.939,0.951,0.929,0.0,0.721,0.0,0.722,0.0,0.971,0,30
3.575884494728174,0.608,0.5270106208679868,0.5952168237222983,0.608,0.821,0.953,0.95,0.943,0.0,0.785,0.0,0.683,0.001,0.944,1,30
3.5666386492717,0.6034,0.5208595148350611,0.4893947611330569,0.6033999999999999,0.841,0.951,0.953,0.936,0.0,0.844,0.0,0.659,0.0,0.85,2,30
3.55377121112598,0.5943,0.5073762819359338,0.482596024149081,0.5942999999999999,0.867,0.937,0.909,0.956,0.0,0.868,0.0,0.521,0.0,0.885,3,30
4.128297177366555,0.6113,0.5332459370448237,0.504681460009987,0.6113000000000001,0.904,0.961,0.962,0.886,0.0,0.781,0.0,0.674,0.0,0.945,4,30
6.8927999243568685,0.2773,0.13547803638828743,0.1833915532755796,0.2773,0.0,0.041,0.0,0.0,0.918,0.999,0.815,0.0,0.0,0.0,5,30
6.452897157912818,0.2904,0.16325396132372494,0.19411931720488526,0.2904,0.0,0.15,0.0,0.0,0.874,0.998,0.882,0.0,0.0,0.0,6,30
6.1154211915720005,0.3156,0.2007319279428413,0.19919917874067536,0.3156,0.0,0.424,0.0,0.0,0.867,0.998,0.867,0.0,0.0,0.0,7,30
7.675357623603016,0.2995,0.1722503378775802,0.18399745817481122,0.2995,0.0,0.279,0.0,0.0,0.933,0.999,0.784,0.0,0.0,0.0,8,30
6.640464468885916,0.306,0.1915479673940996,0.19995470103787902,0.306,0.0,0.344,0.0,0.0,0.801,0.997,0.918,0.0,0.0,0.0,9,30
5.064397543763962,0.3783,0.28062492824829305,0.4981078891834424,0.37829999999999997,0.008,0.829,0.0,0.001,0.03,0.0,0.0,0.962,0.993,0.96,10,30
4.9167256880872925,0.3888,0.296127358774619,0.4801696939535488,0.3888,0.012,0.865,0.0,0.078,0.025,0.0,0.0,0.946,0.991,0.971,11,30
4.932366896742068,0.3877,0.2930690730695108,0.4854487517626588,0.3877,0.007,0.883,0.0,0.045,0.043,0.0,0.0,0.948,0.989,0.962,12,30
5.072246342040479,0.384,0.29045518239610624,0.4707585242543705,0.384,0.006,0.887,0.0,0.069,0.02,0.0,0.0,0.988,0.992,0.878,13,30
5.551416234848218,0.3712,0.2732839645265666,0.4754971202835425,0.3712,0.004,0.777,0.0,0.001,0.012,0.0,0.0,0.967,0.993,0.958,14,30
3.8736428285178284,0.6119,0.5281569898858136,0.49545680865938513,0.6119000000000001,0.886,0.935,0.953,0.928,0.0,0.777,0.0,0.69,0.0,0.95,0,31
3.5637398642092086,0.6021,0.5208578020536211,0.593721043379474,0.6021000000000001,0.825,0.956,0.954,0.944,0.0,0.854,0.0,0.598,0.001,0.889,1,31
3.583261425883625,0.598,0.5154095658166137,0.488392416747479,0.5980000000000001,0.848,0.952,0.952,0.935,0.0,0.867,0.0,0.609,0.0,0.817,2,31
3.609632625937843,0.5894,0.5011230157515997,0.48120526917237755,0.5894,0.87,0.939,0.91,0.957,0.0,0.888,0.0,0.464,0.0,0.866,3,31
4.146580226790791,0.604,0.5256318683152515,0.5022090824694138,0.604,0.905,0.963,0.963,0.888,0.0,0.84,0.0,0.585,0.0,0.896,4,31
6.811346256694855,0.281,0.14107166302944057,0.18411208275884644,0.281,0.0,0.067,0.0,0.0,0.917,0.999,0.827,0.0,0.0,0.0,5,31
6.604185952926977,0.2874,0.15741800731023164,0.19295874722639822,0.2874,0.0,0.118,0.0,0.0,0.887,0.998,0.871,0.0,0.0,0.0,6,31
6.008192082182668,0.3162,0.2013084525801892,0.2009831141731559,0.3162,0.0,0.416,0.0,0.0,0.855,0.998,0.893,0.0,0.0,0.0,7,31
7.774953747709719,0.299,0.17095783252631364,0.1840652049956567,0.299,0.0,0.267,0.0,0.0,0.94,0.999,0.784,0.0,0.0,0.0,8,31
6.671145183971515,0.3051,0.1902956804574913,0.20013608626669604,0.30510000000000004,0.0,0.331,0.0,0.0,0.804,0.997,0.919,0.0,0.0,0.0,9,31
4.806786480803078,0.3822,0.2850678477065074,0.6017717941500887,0.3822,0.011,0.849,0.0,0.001,0.042,0.0,0.001,0.964,0.993,0.961,10,31
4.711216007939543,0.3924,0.30178143351357795,0.48587465887628795,0.3924,0.013,0.874,0.0,0.083,0.047,0.0,0.0,0.946,0.991,0.97,11,31
4.894636020111961,0.3891,0.2955101737733796,0.4900061313020328,0.3891,0.007,0.883,0.0,0.044,0.058,0.0,0.0,0.948,0.988,0.963,12,31
4.990969653327625,0.3874,0.29474047757687016,0.4749676074755211,0.38739999999999997,0.007,0.882,0.0,0.079,0.021,0.0,0.0,0.986,0.992,0.907,13,31
5.377351463031464,0.3735,0.27527452701823785,0.4853090016994697,0.37350000000000005,0.006,0.796,0.0,0.002,0.013,0.0,0.0,0.963,0.993,0.962,14,31
3.8998042277444287,0.6148,0.5310304200780929,0.4985756584728973,0.6148,0.886,0.936,0.953,0.93,0.0,0.76,0.0,0.714,0.0,0.969,0,32
3.669210137269748,0.6138,0.5334005468799734,0.6013381006424181,0.6138,0.83,0.958,0.959,0.941,0.0,0.776,0.0,0.719,0.001,0.954,1,32
3.622360328325448,0.6041,0.5207581651446553,0.49030272457196694,0.6041000000000001,0.851,0.951,0.951,0.938,0.0,0.861,0.0,0.643,0.0,0.846,2,32
3.564553378679501,0.5934,0.506111821474475,0.48305254861418756,0.5934,0.87,0.94,0.912,0.955,0.0,0.881,0.0,0.501,0.0,0.875,3,32
4.119507125200935,0.6127,0.5349537647880248,0.5064186229904928,0.6127,0.903,0.962,0.963,0.891,0.0,0.813,0.0,0.672,0.0,0.923,4,32
6.966400560860436,0.2846,0.14728523257384468,0.18431601524059663,0.28459999999999996,0.0,0.102,0.0,0.0,0.916,0.999,0.829,0.0,0.0,0.0,5,32
6.6493369626541865,0.2869,0.1563934061505226,0.19319132479372994,0.2869,0.0,0.11,0.0,0.0,0.887,0.998,0.874,0.0,0.0,0.0,6,32
6.048720364372571,0.313,0.19713345681490252,0.19938340417137326,0.313,0.0,0.386,0.0,0.0,0.862,0.998,0.884,0.0,0.0,0.0,7,32
7.784565492940787,0.3015,0.17493670707884343,0.1836650581030678,0.3015,0.0,0.302,0.0,0.0,0.939,0.999,0.775,0.0,0.0,0.0,8,32
6.619784143405219,0.3125,0.1976771607713464,0.19957220435085915,0.3125,0.0,0.399,0.0,0.0,0.814,0.997,0.915,0.0,0.0,0.0,9,32
4.765643936376602,0.3829,0.2863225276405858,0.6035577631056845,0.38289999999999996,0.011,0.851,0.0,0.001,0.05,0.0,0.001,0.964,0.993,0.958,10,32
4.668806336558284,0.3917,0.3005776192159056,0.4849658249295478,0.3917,0.013,0.874,0.0,0.082,0.041,0.0,0.0,0.946,0.993,0.968,11,32
4.765187076867198,0.3908,0.2976590857303282,0.4894496108713907,0.3908,0.007,0.891,0.0,0.048,0.063,0.0,0.0,0.946,0.989,0.964,12,32
4.7985802557521735,0.388,0.2970140599678145,0.4792684842132159,0.388,0.007,0.894,0.0,0.093,0.031,0.0,0.0,0.989,0.992,0.874,13,32
5.4276396138980365,0.3748,0.27614171512446256,0.4815844446671777,0.37479999999999997,0.006,0.807,0.0,0.002,0.012,0.0,0.0,0.968,0.994,0.959,14,32
3.8162239811862237,0.6164,0.532236048148877,0.498656821789203,0.6164,0.884,0.94,0.954,0.93,0.0,0.798,0.0,0.701,0.0,0.957,0,33
3.733036201792403,0.6127,0.5324089408187702,0.6006031442143169,0.6127,0.838,0.958,0.953,0.939,0.0,0.809,0.0,0.696,0.001,0.933,1,33
3.5856839530765057,0.6041,0.5208865540380637,0.4906848239762708,0.6041000000000001,0.861,0.952,0.947,0.938,0.0,0.864,0.0,0.643,0.0,0.836,2,33
3.6726160525513913,0.5921,0.5046652009271353,0.48280037575758084,0.5921,0.866,0.94,0.912,0.958,0.0,0.874,0.0,0.489,0.0,0.882,3,33
4.228213954657411,0.6111,0.5330840133159092,0.5067380983211962,0.6111,0.905,0.963,0.963,0.892,0.0,0.82,0.0,0.631,0.0,0.937,4,33
6.78655517291718,0.2844,0.14773289691898564,0.18449232892006262,0.2844,0.0,0.104,0.0,0.0,0.921,0.999,0.82,0.0,0.0,0.0,5,33
6.5859411006537485,0.2931,0.16665529400784365,0.19465566372162563,0.2931,0.0,0.168,0.0,0.0,0.883,0.998,0.882,0.0,0.0,0.0,6,33
5.996835745942478,0.3266,0.2112827060935734,0.2009450547829476,0.3266,0.0,0.519,0.0,0.0,0.865,0.998,0.884,0.0,0.0,0.0,7,33
7.75866805859648,0.2983,0.1705978149871908,0.1837052363346211,0.29829999999999995,0.0,0.268,0.0,0.0,0.941,0.999,0.775,0.0,0.0,0.0,8,33
6.496414667501236,0.3192,0.2045943096222013,0.20061052718743766,0.31920000000000004,0.0,0.459,0.0,0.0,0.815,0.998,0.92,0.0,0.0,0.0,9,33
4.695701525234186,0.3844,0.2886751105736913,0.6064309167687663,0.38439999999999996,0.011,0.856,0.0,0.001,0.061,0.0,0.001,0.963,0.993,0.958,10,33
4.524457574271547,0.3947,0.305577932704442,0.49043751142230085,0.39469999999999994,0.013,0.877,0.0,0.091,0.058,0.0,0.0,0.946,0.993,0.969,11,33
4.750453093562263,0.3925,0.300553525685059,0.49199956078122276,0.39249999999999996,0.007,0.892,0.0,0.053,0.074,0.0,0.0,0.947,0.989,0.963,12,33
4.975106549339173,0.3869,0.2951042276509288,0.4752744265478836,0.38689999999999997,0.006,0.888,0.0,0.088,0.023,0.0,0.0,0.987,0.993,0.884,13,33
5.387721501981107,0.3752,0.2763883529351282,0.5788559091993666,0.3752,0.005,0.813,0.0,0.002,0.013,0.0,0.001,0.967,0.993,0.958,14,33
3.8238828722090004,0.6188,0.5346796941665397,0.5008452395112051,0.6188,0.886,0.944,0.954,0.929,0.0,0.754,0.0,0.75,0.0,0.971,0,34
3.61066113417141,0.6157,0.5342684698567541,0.5670290030391636,0.6157,0.841,0.956,0.952,0.942,0.0,0.812,0.0,0.72,0.002,0.932,1,34
3.5864666073847884,0.6063,0.5233026085953772,0.49222054987085373,0.6063,0.858,0.953,0.95,0.938,0.0,0.863,0.0,0.663,0.0,0.838,2,34
3.5247032286260076,0.6048,0.5174132715658059,0.4869672096888621,0.6048,0.878,0.941,0.912,0.955,0.0,0.831,0.0,0.583,0.0,0.948,3,34
4.2587227960364125,0.6139,0.5353493768056963,0.5069467110070948,0.6139000000000001,0.907,0.959,0.963,0.892,0.0,0.822,0.0,0.661,0.0,0.935,4,34
6.71657462775136,0.292,0.15927555969367058,0.1851615585206142,0.292,0.0,0.173,0.0,0.0,0.923,0.999,0.825,0.0,0.0,0.0,5,34
6.586503162170751,0.2892,0.16073511619562192,0.1938418597026997,0.2892,0.0,0.135,0.0,0.0,0.869,0.998,0.89,0.0,0.0,0.0,6,34
6.102171032573469,0.3233,0.20785782379247292,0.20124699576995653,0.32330000000000003,0.0,0.479,0.0,0.0,0.863,0.998,0.893,0.0,0.0,0.0,7,34
7.714336923897838,0.3071,0.18180526952762505,0.18493831139486488,0.3071,0.0,0.353,0.0,0.0,0.939,0.999,0.78,0.0,0.0,0.0,8,34
6.635714259010534,0.3247,0.20982166480646863,0.2005122964156369,0.3247,0.0,0.517,0.0,0.0,0.812,0.998,0.92,0.0,0.0,0.0,9,34
4.552739638490037,0.3869,0.2918669958377215,0.6092239659667389,0.38689999999999997,0.012,0.867,0.0,0.001,0.076,0.0,0.001,0.962,0.993,0.957,10,34
4.502958693824256,0.3942,0.30456272184488414,0.48176164801304644,0.3942,0.014,0.879,0.0,0.085,0.056,0.0,0.0,0.944,0.993,0.971,11,34
4.576618460420603,0.3962,0.30503352791986693,0.497119337431447,0.3962,0.01,0.904,0.0,0.064,0.078,0.0,0.0,0.954,0.989,0.963,12,34
4.923987703201489,0.3866,0.2944828330113999,0.47467453886442945,0.3866,0.006,0.896,0.0,0.086,0.022,0.0,0.0,0.988,0.993,0.875,13,34
5.3321855677583345,0.3759,0.27711626542799384,0.5978858759391785,0.3759,0.006,0.817,0.0,0.002,0.013,0.0,0.001,0.966,0.995,0.959,14,34
3.879353844795745,0.6199,0.5354854718802012,0.5005858999750391,0.6199,0.888,0.943,0.954,0.93,0.0,0.814,0.0,0.714,0.0,0.956,0,35
3.6052187839255168,0.6141,0.5327748625748103,0.5993252883003226,0.6141,0.836,0.956,0.953,0.942,0.0,0.821,0.0,0.713,0.001,0.919,1,35
3.6853566880043322,0.6064,0.5229164583669156,0.4919051773583834,0.6064,0.857,0.953,0.947,0.943,0.0,0.867,0.0,0.66,0.0,0.837,2,35
3.556933642766727,0.596,0.5080429477833595,0.48385184039478224,0.596,0.869,0.944,0.913,0.956,0.0,0.879,0.0,0.506,0.0,0.893,3,35
4.309034855030596,0.6143,0.5359597488529808,0.5082219736350988,0.6143,0.909,0.961,0.963,0.892,0.0,0.826,0.0,0.655,0.0,0.937,4,35
6.730699438637438,0.2968,0.16619848483002453,0.18583072826919633,0.2968,0.0,0.217,0.0,0.0,0.917,0.999,0.835,0.0,0.0,0.0,5,35
6.698719463409327,0.2953,0.17015855352898274,0.19543641174668536,0.2953,0.0,0.188,0.0,0.0,0.874,0.998,0.893,0.0,0.0,0.0,6,35
5.727603859794788,0.3313,0.21561654826415017,0.2014987824977021,0.3313,0.0,0.563,0.0,0.0,0.869,0.998,0.883,0.0,0.0,0.0,7,35
7.741499324957022,0.3031,0.17641683543341594,0.18446542427171903,0.30310000000000004,0.0,0.309,0.0,0.0,0.941,0.999,0.782,0.0,0.0,0.0,8,35
6.445066154955295,0.3261,0.21055821890454215,0.19997905084811926,0.3261,0.0,0.527,0.0,0.0,0.818,0.998,0.918,0.0,0.0,0.0,9,35
4.453532773465775,0.3885,0.29415788074272925,0.6088629455500013,0.38849999999999996,0.013,0.872,0.0,0.003,0.084,0.0,0.001,0.962,0.993,0.957,10,35
4.3657898662951045,0.4005,0.31347341115732796,0.4879565506444205,0.40049999999999997,0.024,0.897,0.0,0.107,0.069,0.0,0.0,0.945,0.992,0.971,11,35
4.613785961565499,0.3957,0.304311255296033,0.4943627208018593,0.3957,0.007,0.903,0.0,0.06,0.082,0.0,0.0,0.953,0.99,0.962,12,35
4.817730915051299,0.39,0.2999297358452318,0.4823535694243709,0.39,0.007,0.895,0.0,0.108,0.028,0.0,0.0,0.987,0.993,0.882,13,35
5.031238079071045,0.3779,0.2796561918437151,0.5930943879946105,0.3779,0.007,0.826,0.0,0.004,0.021,0.0,0.001,0.964,0.994,0.962,14,35
3.77953019414466,0.622,0.537120706868763,0.5019249729679842,0.6220000000000001,0.886,0.948,0.955,0.931,0.0,0.798,0.0,0.73,0.0,0.972,0,36
3.559499480472967,0.6197,0.5395967625643944,0.5727327035781702,0.6197,0.837,0.956,0.955,0.941,0.0,0.783,0.0,0.773,0.002,0.95,1,36
3.618643859514413,0.6148,0.5308167068184796,0.49693668439999683,0.6148,0.878,0.956,0.946,0.941,0.0,0.857,0.0,0.699,0.0,0.871,2,36
3.5717644021153068,0.5998,0.5122459809587747,0.48526784026267666,0.5997999999999999,0.871,0.942,0.915,0.955,0.0,0.864,0.0,0.534,0.0,0.917,3,36
4.224194073067687,0.6172,0.5390491702897824,0.5098120806681554,0.6172,0.907,0.963,0.961,0.892,0.0,0.816,0.0,0.687,0.0,0.946,4,36
6.7539684597295695,0.2964,0.16523695613743294,0.1857738529092028,0.2964,0.0,0.21,0.0,0.0,0.917,0.999,0.838,0.0,0.0,0.0,5,36
6.639854370214688,0.2947,0.16792693475942533,0.19427469815043694,0.2947,0.0,0.178,0.0,0.0,0.88,0.998,0.891,0.0,0.0,0.0,6,36
5.967147069998061,0.3277,0.21351457506379634,0.20360932583082425,0.3277,0.0,0.524,0.0,0.0,0.858,0.999,0.896,0.0,0.0,0.0,7,36
7.742285143453092,0.3123,0.18755887776210467,0.18571563960293563,0.3123,0.0,0.399,0.0,0.0,0.941,0.999,0.784,0.0,0.0,0.0,8,36
6.714018307554836,0.3187,0.20378561071787785,0.19986995581924746,0.3187,0.0,0.456,0.0,0.0,0.815,0.998,0.918,0.0,0.0,0.0,9,36
4.3792290565685725,0.3908,0.2965191078723735,0.5966896026925912,0.3908,0.013,0.885,0.0,0.005,0.092,0.0,0.001,0.96,0.993,0.959,10,36
4.3903337027699045,0.4008,0.31326209821580686,0.4899507829575609,0.4008,0.022,0.902,0.0,0.099,0.076,0.0,0.0,0.949,0.993,0.967,11,36
4.529075997706038,0.3989,0.3086252668768853,0.4969997484803391,0.3989,0.008,0.911,0.0,0.071,0.091,0.0,0.0,0.955,0.99,0.963,12,36
4.707897727862715,0.3925,0.3031876143839431,0.48369840133691094,0.3925,0.007,0.904,0.0,0.119,0.034,0.0,0.0,0.987,0.992,0.882,13,36
5.118976489423563,0.3778,0.27889061063447806,0.5865489059239093,0.3778,0.006,0.832,0.0,0.002,0.017,0.0,0.001,0.966,0.995,0.959,14,36
3.8527578286850415,0.6223,0.5372875091168556,0.5016730960772,0.6223,0.888,0.946,0.956,0.934,0.0,0.815,0.0,0.727,0.0,0.957,0,37
3.6652596097784684,0.6172,0.5369398871295239,0.6042668663418432,0.6172,0.828,0.957,0.956,0.944,0.0,0.812,0.0,0.735,0.001,0.939,1,37
3.569007655683036,0.6157,0.531894637301805,0.5473990892902016,0.6157,0.882,0.955,0.945,0.938,0.0,0.855,0.0,0.712,0.001,0.869,2,37
3.5792179823683474,0.5967,0.5083067316197578,0.4842301602522303,0.5967,0.87,0.942,0.913,0.959,0.0,0.882,0.0,0.501,0.0,0.9,3,37
4.176707111989347,0.6191,0.5401096427092902,0.5099456747007196,0.6191,0.909,0.962,0.962,0.894,0.0,0.813,0.0,0.699,0.0,0.952,4,37
6.758019170822046,0.2992,0.16992278957692364,0.1856030996285874,0.2992,0.0,0.247,0.0,0.0,0.93,0.999,0.816,0.0,0.0,0.0,5,37
6.7004341058456856,0.2844,0.15095987581271647,0.19389010234789233,0.2844,0.0,0.074,0.0,0.0,0.88,0.998,0.892,0.0,0.0,0.0,6,37
5.794006915138172,0.3313,0.21606846667076907,0.20293738597218466,0.33130000000000004,0.0,0.557,0.0,0.0,0.86,0.999,0.897,0.0,0.0,0.0,7,37
7.650918017561063,0.3184,0.19433615162122803,0.18674243377989241,0.3184,0.0,0.459,0.0,0.0,0.941,0.999,0.785,0.0,0.0,0.0,8,37
6.639228901543175,0.3223,0.2077240879156191,0.2012615865199005,0.3223,0.0,0.487,0.0,0.0,0.809,0.998,0.929,0.0,0.0,0.0,9,37
4.309085048806553,0.3932,0.2997264201905773,0.596604626210685,0.3932,0.013,0.891,0.0,0.005,0.11,0.0,0.001,0.96,0.993,0.959,10,37
4.149903663050252,0.4079,0.32415341594256597,0.4933884657769411,0.4079,0.039,0.914,0.0,0.129,0.089,0.0,0.0,0.945,0.992,0.971,11,37
4.447817894216543,0.4014,0.31267741786292513,0.6004345902251585,0.4013999999999999,0.01,0.913,0.0,0.078,0.104,0.0,0.001,0.954,0.99,0.964,12,37
4.7306162831120595,0.3914,0.3016405386639176,0.4866213434236397,0.3914,0.008,0.903,0.0,0.107,0.034,0.0,0.0,0.991,0.993,0.878,13,37
5.030882999158134,0.3804,0.28159777258437185,0.5916439153759849,0.38039999999999996,0.007,0.849,0.0,0.006,0.021,0.0,0.001,0.965,0.995,0.96,14,37
3.9177552067433683,0.6263,0.5411095060832777,0.5045262706377474,0.6263,0.891,0.949,0.955,0.933,0.0,0.815,0.0,0.756,0.0,0.964,0,38
3.5672671966278515,0.6211,0.5412027875280822,0.5825420499129799,0.6211,0.829,0.958,0.958,0.943,0.0,0.79,0.0,0.775,0.003,0.955,1,38
3.600266755865024,0.6163,0.5329049510274464,0.4984828166139829,0.6163,0.871,0.955,0.948,0.941,0.0,0.823,0.0,0.727,0.0,0.898,2,38
3.6090057616035778,0.5984,0.5098341260908194,0.48449563159760645,0.5984,0.873,0.941,0.914,0.956,0.0,0.899,0.0,0.517,0.0,0.884,3,38
4.228212487964203,0.6221,0.5425868641258524,0.5116292691391935,0.6221,0.912,0.964,0.962,0.892,0.0,0.819,0.0,0.712,0.0,0.96,4,38
6.778924980102636,0.298,0.16774871432732358,0.18598139250901288,0.298,0.0,0.227,0.0,0.0,0.927,0.999,0.827,0.0,0.0,0.0,5,38
6.555920351808444,0.2867,0.1550053483041475,0.19269226983324267,0.28670000000000007,0.0,0.103,0.0,0.0,0.893,0.998,0.873,0.0,0.0,0.0,6,38
5.85980223542966,0.3283,0.2135453474710324,0.2028538317366654,0.3283,0.0,0.529,0.0,0.0,0.863,0.999,0.892,0.0,0.0,0.0,7,38
7.774594634485702,0.3097,0.18445618087174784,0.18565107521449561,0.3097,0.0,0.372,0.0,0.0,0.941,0.999,0.785,0.0,0.0,0.0,8,38
6.52071204962441,0.3287,0.2133909527197347,0.20101002150226616,0.32870000000000005,0.0,0.552,0.0,0.0,0.812,0.998,0.925,0.0,0.0,0.0,9,38
4.180265041966789,0.3958,0.30333375872271495,0.5992745876403026,0.39580000000000004,0.015,0.896,0.0,0.008,0.125,0.0,0.001,0.961,0.992,0.96,10,38
4.362344696118047,0.4016,0.31466680716414525,0.4930819211846192,0.4016,0.029,0.905,0.0,0.097,0.076,0.0,0.0,0.945,0.993,0.971,11,38
4.413602142288281,0.4027,0.31457028756610905,0.5999233940322648,0.4027,0.009,0.914,0.0,0.083,0.111,0.0,0.001,0.952,0.992,0.965,12,38
4.68611335145018,0.3937,0.30526018268201016,0.4895570889814692,0.39369999999999994,0.009,0.909,0.0,0.126,0.036,0.0,0.0,0.991,0.993,0.873,13,38
4.940654369207998,0.3817,0.2832121023093036,0.5982747772924869,0.38170000000000004,0.008,0.853,0.0,0.006,0.026,0.0,0.001,0.965,0.995,0.963,14,38
3.8045789318534133,0.6263,0.5411105473997322,0.5545064097717087,0.6263,0.889,0.949,0.955,0.933,0.0,0.815,0.0,0.754,0.001,0.967,0,39
3.606191128968431,0.6236,0.5453685241418994,0.6037023202619616,0.6235999999999999,0.842,0.957,0.96,0.942,0.0,0.776,0.0,0.785,0.015,0.959,1,39
3.662800865241895,0.6068,0.5233714791479686,0.4936251327976051,0.6068,0.874,0.954,0.946,0.943,0.0,0.866,0.0,0.662,0.0,0.823,2,39
3.6604860339301846,0.6005,0.511950322898738,0.48516010451656816,0.6005,0.879,0.944,0.908,0.958,0.0,0.897,0.0,0.53,0.0,0.889,3,39
4.300545369664701,0.6218,0.5425633944829356,0.512116398204671,0.6218,0.916,0.964,0.961,0.894,0.0,0.823,0.0,0.71,0.0,0.95,4,39
6.732355774401095,0.3007,0.17173675674350125,0.18593681009442292,0.30069999999999997,0.0,0.258,0.0,0.0,0.929,0.999,0.821,0.0,0.0,0.0,5,39
6.611979769441647,0.2914,0.1627039651660506,0.19493435186279834,0.29140000000000005,0.0,0.139,0.0,0.0,0.88,0.998,0.897,0.0,0.0,0.0,6,39
5.836429022371578,0.3315,0.21734568280330557,0.20414961262932724,0.3315,0.0,0.564,0.0,0.0,0.859,0.998,0.894,0.0,0.0,0.0,7,39
7.715570756040823,0.3165,0.1923539710558723,0.23673494452688004,0.31649999999999995,0.0,0.436,0.0,0.001,0.941,0.999,0.788,0.0,0.0,0.0,8,39
6.533974117364365,0.3199,0.205151588100167,0.20081775703790955,0.31989999999999996,0.0,0.461,0.0,0.0,0.82,0.998,0.92,0.0,0.0,0.0,9,39
4.271516111331245,0.3957,0.30317889738037107,0.6051208506376039,0.3957,0.015,0.899,0.0,0.008,0.121,0.0,0.001,0.962,0.993,0.958,10,39
4.291148774920942,0.4064,0.3220448833354188,0.4922194677175627,0.4064,0.033,0.906,0.0,0.113,0.097,0.0,0.0,0.956,0.993,0.966,11,39
4.4556618925100695,0.4039,0.31647391213310605,0.4997431563694164,0.4039,0.009,0.913,0.0,0.082,0.126,0.0,0.0,0.954,0.992,0.963,12,39
4.7234446294010635,0.3951,0.3059076642911845,0.48857746425820714,0.39509999999999995,0.008,0.911,0.0,0.122,0.036,0.0,0.0,0.988,0.993,0.893,13,39
4.89341586009382,0.3824,0.28456721319042366,0.6012399314553615,0.38239999999999996,0.009,0.856,0.0,0.006,0.032,0.0,0.001,0.965,0.995,0.96,14,39
3.854054252370097,0.6271,0.5420960250583138,0.5057538040208915,0.6271,0.887,0.95,0.957,0.933,0.0,0.805,0.0,0.772,0.0,0.967,0,40
3.6832317184335506,0.6243,0.5448190746440645,0.5992626361062993,0.6243000000000001,0.842,0.959,0.958,0.942,0.0,0.8,0.0,0.783,0.009,0.95,1,40
3.5694364366439966,0.6161,0.53228629779519,0.4984185270526972,0.6161,0.872,0.955,0.946,0.943,0.0,0.854,0.0,0.713,0.0,0.878,2,40
3.6743616282749483,0.5993,0.5110761361730456,0.48481915203118603,0.5993,0.87,0.941,0.912,0.96,0.0,0.903,0.0,0.535,0.0,0.872,3,40
4.211670519825749,0.6245,0.5443804181574863,0.5131798914037335,0.6245,0.927,0.964,0.961,0.888,0.0,0.817,0.0,0.722,0.0,0.966,4,40
6.768583834742586,0.3084,0.18187677363137297,0.18706458346085725,0.3084,0.0,0.333,0.0,0.0,0.922,0.999,0.83,0.0,0.0,0.0,5,40
6.565173459129212,0.2923,0.1645919326604638,0.19473540708557607,0.2923,0.0,0.153,0.0,0.0,0.875,0.998,0.897,0.0,0.0,0.0,6,40
5.64832400513914,0.3375,0.22289427650719157,0.20455361515664325,0.3375,0.0,0.632,0.0,0.0,0.849,0.998,0.896,0.0,0.0,0.0,7,40
7.681494060796671,0.3225,0.19885027009429063,0.23783852198202093,0.32249999999999995,0.0,0.493,0.0,0.001,0.939,0.999,0.793,0.0,0.0,0.0,8,40
6.735535735901172,0.3265,0.21093622976332232,0.20086267426705842,0.32649999999999996,0.0,0.521,0.0,0.0,0.823,0.998,0.923,0.0,0.0,0.0,9,40
4.114481764860427,0.3972,0.3051867839090346,0.5986767450868004,0.39719999999999994,0.019,0.9,0.0,0.01,0.126,0.0,0.001,0.965,0.993,0.958,10,40
4.352479607914202,0.4034,0.3175009554352769,0.4928430274827301,0.4034,0.027,0.906,0.0,0.107,0.083,0.0,0.0,0.951,0.993,0.967,11,40
4.425310729791562,0.4032,0.31521268119800955,0.6005634814582999,0.4032,0.009,0.916,0.0,0.092,0.104,0.0,0.001,0.957,0.992,0.961,12,40
4.638683708331075,0.3958,0.30764741410543844,0.4923749098620573,0.39580000000000004,0.009,0.914,0.0,0.135,0.037,0.0,0.0,0.989,0.994,0.88,13,40
4.846564954081282,0.3829,0.2846606987767569,0.6037744731081132,0.38289999999999996,0.01,0.862,0.0,0.006,0.028,0.0,0.001,0.965,0.995,0.962,14,40
3.9956484593141575,0.6287,0.5431913652443797,0.5059850929906915,0.6287,0.89,0.95,0.958,0.934,0.0,0.836,0.0,0.761,0.0,0.958,0,41
3.6990721292389086,0.6264,0.547068088973366,0.6036532250351001,0.6264000000000001,0.836,0.959,0.957,0.942,0.0,0.765,0.0,0.831,0.013,0.961,1,41
3.6155292998297144,0.6184,0.5351182224949567,0.5508400176073931,0.6184000000000001,0.875,0.955,0.951,0.942,0.0,0.852,0.0,0.742,0.001,0.866,2,41
3.6797887423929696,0.5949,0.5052512860662359,0.48395626370142475,0.5949,0.875,0.943,0.913,0.958,0.0,0.919,0.0,0.47,0.0,0.871,3,41
4.318772813192191,0.6281,0.5486727909770331,0.5168650420804061,0.6281,0.924,0.964,0.962,0.893,0.0,0.804,0.0,0.764,0.0,0.97,4,41
6.80133211117583,0.3097,0.18350297185744485,0.1870982408227319,0.3097,0.0,0.347,0.0,0.0,0.931,0.999,0.82,0.0,0.0,0.0,5,41
6.632645691545626,0.2887,0.15918567594548533,0.19490094961731352,0.2887,0.0,0.118,0.0,0.0,0.876,0.998,0.895,0.0,0.0,0.0,6,41
5.726189783967722,0.3352,0.22052484838862965,0.20464732683174933,0.3352,0.0,0.597,0.0,0.0,0.859,0.999,0.897,0.0,0.0,0.0,7,41
7.818619415782892,0.3106,0.18521751664116876,0.2363653887401413,0.3106,0.0,0.369,0.0,0.001,0.937,0.999,0.8,0.0,0.0,0.0,8,41
6.700719453275394,0.3184,0.2030729020208207,0.2005084555074604,0.3184,0.0,0.44,0.0,0.0,0.824,0.998,0.922,0.0,0.0,0.0,9,41
4.191255610590925,0.3966,0.3041552474196025,0.6009020777088896,0.39659999999999995,0.016,0.902,0.0,0.01,0.123,0.0,0.001,0.966,0.992,0.956,10,41
4.137220708706889,0.4112,0.3295421789038464,0.49691422139433217,0.4112,0.06,0.916,0.0,0.118,0.106,0.0,0.0,0.954,0.992,0.966,11,41
4.360313478750162,0.4073,0.3214115103419835,0.6019278201900349,0.40729999999999994,0.009,0.92,0.0,0.101,0.133,0.0,0.001,0.955,0.992,0.962,12,41
4.559018262659018,0.3964,0.30839780733530225,0.4921986169891249,0.3964,0.009,0.917,0.0,0.139,0.036,0.0,0.0,0.991,0.994,0.878,13,41
4.951485796096606,0.3826,0.2842434465553609,0.6028156714328092,0.3826,0.01,0.861,0.0,0.006,0.027,0.0,0.001,0.966,0.995,0.96,14,41
3.881921841599309,0.6302,0.5451059546585643,0.5077129115921248,0.6302,0.887,0.951,0.959,0.934,0.0,0.834,0.0,0.778,0.0,0.959,0,42
3.622058044416836,0.6278,0.5491401806493637,0.6067294794020665,0.6278,0.84,0.959,0.958,0.943,0.0,0.762,0.0,0.826,0.021,0.969,1,42
3.5816807092759557,0.6184,0.5351524993744168,0.550670252892256,0.6184000000000001,0.875,0.954,0.948,0.941,0.0,0.851,0.0,0.74,0.001,0.874,2,42
3.6811246605345995,0.6043,0.5161422312244393,0.48784122901250876,0.6043,0.874,0.944,0.913,0.958,0.0,0.891,0.0,0.552,0.0,0.911,3,42
4.211408536655073,0.627,0.5468861473388851,0.5145190062081989,0.627,0.922,0.966,0.962,0.889,0.0,0.813,0.0,0.748,0.0,0.97,4,42
6.81749240201883,0.3097,0.18354504909226577,0.18675096572880986,0.3097,0.0,0.351,0.0,0.0,0.93,0.999,0.817,0.0,0.0,0.0,5,42
6.522253799743165,0.2994,0.17517912153043005,0.196641372265788,0.2994,0.0,0.215,0.0,0.0,0.874,0.998,0.907,0.0,0.0,0.0,6,42
5.9353254732613365,0.3333,0.2184706218933404,0.2047289135087575,0.3333,0.0,0.57,0.0,0.0,0.86,0.999,0.904,0.0,0.0,0.0,7,42
7.609315789926547,0.323,0.1988901700533608,0.2378528480369365,0.323,0.0,0.492,0.0,0.001,0.938,0.999,0.8,0.0,0.0,0.0,8,42
6.491704301712232,0.3315,0.21557043732090103,0.20126046058618927,0.3315,0.0,0.572,0.0,0.0,0.819,0.998,0.926,0.0,0.0,0.0,9,42
4.1841781360272785,0.3987,0.30718714214165466,0.701646209706692,0.3987,0.015,0.904,0.0,0.011,0.14,0.001,0.001,0.964,0.992,0.959,10,42
3.9681933402253415,0.4205,0.34363182532950987,0.5648964431957413,0.4205,0.08,0.927,0.003,0.152,0.132,0.0,0.0,0.952,0.992,0.967,11,42
4.393652834831335,0.4061,0.31974419203648174,0.6014958812639988,0.4061,0.008,0.919,0.0,0.106,0.117,0.0,0.001,0.955,0.993,0.962,12,42
4.760129121926646,0.3934,0.304705308494316,0.48811750430830686,0.3934,0.008,0.911,0.0,0.126,0.033,0.0,0.0,0.992,0.994,0.87,13,42
4.88559819029543,0.3834,0.2845985810427758,0.6016252999547312,0.3834,0.008,0.871,0.0,0.006,0.028,0.0,0.001,0.966,0.995,0.959,14,42
3.938581993880744,0.6297,0.5445339444212126,0.5075001831582747,0.6296999999999999,0.886,0.952,0.957,0.936,0.0,0.808,0.0,0.785,0.0,0.973,0,43
3.761627945084922,0.6274,0.5471390698836902,0.6105679491834054,0.6274,0.843,0.961,0.957,0.943,0.0,0.815,0.0,0.794,0.008,0.953,1,43
3.609880028917386,0.6208,0.5373206278382904,0.5524405928908496,0.6208,0.877,0.954,0.951,0.941,0.0,0.847,0.0,0.745,0.001,0.892,2,43
3.6376474240717416,0.6074,0.5190623114887095,0.48888745874355416,0.6073999999999999,0.87,0.942,0.915,0.961,0.0,0.879,0.0,0.571,0.0,0.936,3,43
4.2199469911404694,0.6278,0.5476963320721661,0.5152672202351942,0.6277999999999999,0.918,0.962,0.962,0.895,0.0,0.835,0.0,0.744,0.0,0.962,4,43
6.7002831663186555,0.3128,0.18694531806354603,0.1870357123652567,0.31279999999999997,0.0,0.379,0.0,0.0,0.938,0.999,0.812,0.0,0.0,0.0,5,43
6.606170652011713,0.2996,0.17561845119357786,0.1967014083438435,0.2996,0.0,0.218,0.0,0.0,0.873,0.998,0.907,0.0,0.0,0.0,6,43
5.733742864748922,0.3383,0.2234841977666496,0.20519285831296194,0.33830000000000005,0.0,0.632,0.0,0.0,0.854,1.0,0.897,0.0,0.0,0.0,7,43
7.851403902133052,0.3151,0.19077517447282072,0.18655974701155947,0.3151,0.0,0.424,0.0,0.0,0.938,0.999,0.79,0.0,0.0,0.0,8,43
6.659356051740555,0.3327,0.21670813350633794,0.2017474082685852,0.3327,0.0,0.58,0.0,0.0,0.824,0.998,0.925,0.0,0.0,0.0,9,43
4.0663322446445305,0.4008,0.31059836731317414,0.7035263769849205,0.4008,0.017,0.909,0.0,0.018,0.144,0.005,0.001,0.964,0.992,0.958,10,43
3.9211355242104577,0.419,0.3407958098466545,0.5021449402505639,0.41900000000000004,0.06,0.926,0.0,0.138,0.155,0.0,0.0,0.953,0.992,0.966,11,43
4.390554343168728,0.4066,0.3202455031830115,0.6006037810449241,0.40659999999999996,0.007,0.921,0.0,0.104,0.122,0.001,0.0,0.956,0.994,0.961,12,43
4.615723594689903,0.3971,0.3102767152480608,0.49385195190961995,0.3971,0.009,0.915,0.0,0.15,0.04,0.0,0.0,0.993,0.994,0.87,13,43
4.807917514928994,0.3849,0.28661267657785444,0.5055440520428196,0.3849,0.01,0.875,0.0,0.01,0.03,0.0,0.0,0.966,0.995,0.963,14,43
3.940443066743235,0.632,0.5473402443162454,0.5098892425839229,0.632,0.882,0.954,0.959,0.932,0.0,0.823,0.0,0.801,0.0,0.969,0,44
3.804388768566302,0.6281,0.549010958762255,0.6056332944558018,0.6281,0.839,0.959,0.957,0.944,0.0,0.772,0.0,0.832,0.012,0.966,1,44
3.641579925347441,0.6244,0.5404778892388414,0.5547487089401797,0.6244000000000001,0.888,0.955,0.949,0.945,0.0,0.839,0.0,0.767,0.001,0.9,2,44
3.674714128049418,0.6062,0.5179053463767185,0.48934740586479214,0.6062000000000001,0.873,0.94,0.915,0.959,0.0,0.901,0.0,0.555,0.0,0.919,3,44
4.275502888729778,0.6316,0.5518547318674034,0.5183885886470447,0.6316,0.919,0.964,0.962,0.899,0.0,0.815,0.0,0.793,0.0,0.964,4,44
6.830152233568624,0.3147,0.1892992199173485,0.18750495423742192,0.31470000000000004,0.0,0.397,0.0,0.0,0.933,0.999,0.818,0.0,0.0,0.0,5,44
6.59122294435105,0.3076,0.18621525867090952,0.1967483578857392,0.3076,0.0,0.3,0.0,0.0,0.874,0.999,0.903,0.0,0.0,0.0,6,44
5.69381658870953,0.3369,0.22125553369208992,0.204005504530734,0.33690000000000003,0.0,0.609,0.0,0.0,0.866,1.0,0.894,0.0,0.0,0.0,7,44
7.7596125404674785,0.316,0.19173581031689324,0.23660167186711395,0.316,0.0,0.431,0.0,0.001,0.94,0.999,0.789,0.0,0.0,0.0,8,44
6.79397171221602,0.3281,0.21200381205394953,0.2007747345529903,0.3281,0.0,0.531,0.0,0.0,0.832,0.998,0.92,0.0,0.0,0.0,9,44
4.108206354010219,0.4018,0.3116457035501865,0.7023337383885855,0.4018,0.015,0.915,0.0,0.024,0.14,0.006,0.001,0.967,0.992,0.958,10,44
4.022422447372168,0.4168,0.33785044170065737,0.5003729949443864,0.4168,0.058,0.921,0.0,0.136,0.14,0.0,0.0,0.956,0.992,0.965,11,44
4.33250882336126,0.4106,0.32638483745542596,0.704294159351269,0.41059999999999997,0.009,0.925,0.0,0.124,0.134,0.002,0.002,0.955,0.994,0.961,12,44
4.6170193406339655,0.3984,0.3117374214707379,0.4964127469208872,0.3984,0.01,0.919,0.0,0.153,0.04,0.0,0.0,0.992,0.994,0.876,13,44
4.742220778053942,0.386,0.287980801832073,0.517293884847841,0.386,0.01,0.881,0.0,0.01,0.037,0.0,0.0,0.965,0.995,0.962,14,44
3.950198975995707,0.6333,0.5482825704768639,0.5105526560085187,0.6333,0.887,0.953,0.958,0.936,0.0,0.824,0.0,0.808,0.0,0.967,0,45
3.7629228954117138,0.6286,0.5507680817583068,0.6093441237501044,0.6286,0.827,0.958,0.96,0.947,0.0,0.769,0.0,0.833,0.021,0.971,1,45
3.7080492233506406,0.6238,0.5402852103784912,0.555076383399091,0.6238,0.882,0.955,0.947,0.945,0.0,0.833,0.0,0.775,0.001,0.9,2,45
3.772563286673147,0.6065,0.5189274088868672,0.49055778001804784,0.6064999999999999,0.884,0.94,0.912,0.956,0.0,0.917,0.0,0.572,0.0,0.884,3,45
4.414931694730021,0.6323,0.5525868331213675,0.5194598503374909,0.6323000000000001,0.919,0.964,0.962,0.896,0.0,0.8,0.0,0.81,0.0,0.972,4,45
6.76006359718859,0.3149,0.18982226712175493,0.1883548757120648,0.3149,0.0,0.394,0.0,0.0,0.926,0.999,0.83,0.0,0.0,0.0,5,45
6.572922614435799,0.298,0.1725838414406446,0.19493272348556986,0.298,0.0,0.205,0.0,0.0,0.889,0.999,0.887,0.0,0.0,0.0,6,45
5.505603768955024,0.341,0.2253282285697351,0.20501157067069956,0.341,0.0,0.655,0.0,0.0,0.855,0.999,0.901,0.0,0.0,0.0,7,45
8.087561092437646,0.3082,0.18196697233400042,0.18593368835815266,0.3082,0.0,0.345,0.0,0.0,0.938,0.999,0.8,0.0,0.0,0.0,8,45
6.858535279100314,0.3271,0.2103475265239032,0.20021080371228767,0.3271,0.0,0.514,0.0,0.0,0.839,0.998,0.92,0.0,0.0,0.0,9,45
4.083273849167382,0.4034,0.3144492772719727,0.7025704550235645,0.4034,0.015,0.913,0.0,0.027,0.156,0.006,0.002,0.966,0.992,0.957,10,45
4.003415168664707,0.4217,0.3448809597602533,0.5596618721059452,0.42169999999999996,0.077,0.931,0.006,0.141,0.147,0.0,0.0,0.958,0.992,0.965,11,45
4.310029721869447,0.4113,0.3270660869370888,0.7034375623350291,0.41130000000000005,0.008,0.929,0.0,0.126,0.137,0.002,0.001,0.955,0.994,0.961,12,45
4.419540412890645,0.405,0.3205135363135445,0.5028009901918743,0.40499999999999997,0.01,0.921,0.0,0.185,0.058,0.0,0.0,0.989,0.994,0.893,13,45
4.730146192514097,0.3866,0.2885389359179037,0.605151682992039,0.3866,0.01,0.886,0.0,0.015,0.032,0.0,0.001,0.966,0.995,0.961,14,45
3.9025945792944667,0.6351,0.5501058171840137,0.5114630810037184,0.6351,0.884,0.954,0.959,0.934,0.0,0.849,0.0,0.813,0.0,0.958,0,46
3.8045257383261246,0.6313,0.552003188587769,0.6078491747972101,0.6313,0.829,0.956,0.958,0.947,0.0,0.806,0.0,0.84,0.016,0.961,1,46
3.6069770937148755,0.6281,0.5444104659979512,0.5583620402624409,0.6281000000000001,0.888,0.957,0.948,0.942,0.0,0.82,0.0,0.8,0.001,0.925,2,46
3.8421343721139927,0.6081,0.5204887726100627,0.49128453504350916,0.6081,0.875,0.941,0.919,0.956,0.0,0.898,0.0,0.569,0.0,0.923,3,46
4.434775438457251,0.6321,0.5513792495300656,0.5170866865653262,0.6321,0.922,0.964,0.963,0.895,0.0,0.846,0.0,0.782,0.0,0.949,4,46
6.6818406551409835,0.3158,0.1906722701587556,0.18773025911858116,0.31579999999999997,0.0,0.408,0.0,0.0,0.94,0.999,0.811,0.0,0.0,0.0,5,46
6.509213779681026,0.3055,0.1827364185218941,0.19642531711382835,0.30550000000000005,0.0,0.272,0.0,0.0,0.883,0.999,0.901,0.0,0.0,0.0,6,46
5.7670712128233985,0.337,0.22134366240678496,0.2046354837709779,0.33699999999999997,0.0,0.602,0.0,0.0,0.869,1.0,0.899,0.0,0.0,0.0,7,46
7.78444888873603,0.316,0.19164585869773978,0.18678346426522668,0.316,0.0,0.43,0.0,0.0,0.942,0.999,0.789,0.0,0.0,0.0,8,46
6.892193521554478,0.3296,0.21428947015927508,0.20226699437761786,0.3296,0.0,0.547,0.0,0.0,0.823,0.998,0.928,0.0,0.0,0.0,9,46
3.9462834173878925,0.4069,0.32008556993005766,0.7635039954306293,0.4069,0.02,0.917,0.003,0.036,0.17,0.007,0.002,0.966,0.992,0.956,10,46
3.5834940279634617,0.4469,0.3839363901862577,0.586735515388621,0.4469,0.157,0.939,0.051,0.216,0.192,0.0,0.0,0.956,0.991,0.967,11,46
4.381542954201135,0.4117,0.3275079595850877,0.7027294110864835,0.4116999999999999,0.007,0.927,0.0,0.123,0.143,0.002,0.001,0.956,0.994,0.964,12,46
4.645296803678567,0.3994,0.3131067739242952,0.49678992497582863,0.39940000000000003,0.01,0.921,0.0,0.163,0.039,0.0,0.0,0.993,0.994,0.874,13,46
4.756485756212911,0.3864,0.28797778701125887,0.5067404483056832,0.38639999999999997,0.01,0.886,0.0,0.01,0.034,0.0,0.0,0.965,0.996,0.963,14,46
3.8817239637953787,0.6349,0.5495872604519845,0.5106865632693145,0.6348999999999999,0.889,0.953,0.959,0.935,0.0,0.856,0.0,0.806,0.0,0.951,0,47
3.8939825435416004,0.631,0.5519540130937834,0.6094939744303218,0.631,0.844,0.959,0.959,0.945,0.0,0.76,0.0,0.859,0.018,0.966,1,47
3.6133092329524956,0.6263,0.5428560947188825,0.5572254932532417,0.6263,0.895,0.957,0.946,0.937,0.0,0.848,0.0,0.786,0.001,0.893,2,47
3.852439830478388,0.6132,0.525267889547542,0.49349013546917553,0.6132,0.879,0.945,0.913,0.96,0.0,0.896,0.0,0.606,0.0,0.933,3,47
4.3352046043347245,0.6332,0.5531091103509628,0.5194108536780354,0.6331999999999999,0.914,0.963,0.962,0.9,0.0,0.797,0.0,0.824,0.0,0.972,4,47
6.921783102206148,0.3188,0.19488862827694914,0.19025548470048545,0.31880000000000003,0.0,0.426,0.0,0.0,0.917,0.999,0.846,0.0,0.0,0.0,5,47
6.606635910253555,0.297,0.17131384593334803,0.1970769749510142,0.29700000000000004,0.0,0.184,0.0,0.0,0.873,0.999,0.914,0.0,0.0,0.0,6,47
5.710022193555253,0.3384,0.2240755474349317,0.20678959323473461,0.33840000000000003,0.0,0.623,0.0,0.0,0.852,0.999,0.91,0.0,0.0,0.0,7,47
7.84911255181407,0.3186,0.19421349988380426,0.1872200061061648,0.3186,0.0,0.451,0.0,0.0,0.942,0.999,0.794,0.0,0.0,0.0,8,47
6.702035182581161,0.3306,0.21307365513593718,0.1999132312107006,0.3306,0.0,0.546,0.0,0.0,0.844,0.998,0.918,0.0,0.0,0.0,9,47
4.012779358476877,0.4066,0.31957934746268085,0.753022070692466,0.4066000000000001,0.019,0.918,0.001,0.039,0.165,0.007,0.002,0.967,0.992,0.956,10,47
3.991124371751048,0.4241,0.34905098075877705,0.5608141128383288,0.4241,0.084,0.929,0.007,0.159,0.146,0.0,0.0,0.959,0.992,0.965,11,47
4.312953325887077,0.4121,0.32818673280423305,0.7551409823231515,0.41209999999999997,0.009,0.93,0.001,0.126,0.141,0.002,0.001,0.952,0.994,0.965,12,47
4.398485599234462,0.4052,0.32112336468957176,0.5029916974269918,0.40519999999999995,0.012,0.923,0.0,0.196,0.051,0.0,0.0,0.991,0.994,0.885,13,47
4.716076387764928,0.3875,0.2896156003615199,0.5170837642709387,0.3875,0.01,0.889,0.0,0.018,0.034,0.0,0.0,0.965,0.995,0.964,14,47
3.9165253297399025,0.6351,0.5501761359592023,0.5619042089400457,0.6351,0.883,0.953,0.959,0.937,0.0,0.827,0.0,0.821,0.001,0.97,0,48
3.7634716706154063,0.6308,0.5517774453374975,0.6089359112739355,0.6307999999999999,0.824,0.96,0.961,0.948,0.0,0.765,0.0,0.867,0.02,0.963,1,48
3.6752261754613333,0.6287,0.5451502457251263,0.5590404558190772,0.6287,0.893,0.959,0.948,0.941,0.0,0.839,0.0,0.804,0.001,0.902,2,48
3.9128551296532725,0.6149,0.5272284441389011,0.4949597508561158,0.6149,0.881,0.947,0.922,0.956,0.0,0.898,0.0,0.614,0.0,0.931,3,48
4.464293930858088,0.6337,0.5533371165255192,0.5194211901979242,0.6337,0.933,0.966,0.963,0.889,0.0,0.842,0.0,0.791,0.0,0.953,4,48
6.7737361127956985,0.3173,0.19369416499643372,0.18956067648112135,0.3173,0.0,0.422,0.0,0.0,0.922,0.999,0.83,0.0,0.0,0.0,5,48
6.401150451300624,0.3072,0.18451998518376936,0.19653635595783592,0.30720000000000003,0.0,0.285,0.0,0.0,0.88,0.999,0.908,0.0,0.0,0.0,6,48
5.812575026442068,0.3387,0.2229002185764136,0.2053043664182784,0.3387,0.0,0.616,0.0,0.0,0.864,1.0,0.907,0.0,0.0,0.0,7,48
7.725886082877747,0.3255,0.20085893720920112,0.23823001393680682,0.3255,0.0,0.508,0.0,0.001,0.94,0.999,0.807,0.0,0.0,0.0,8,48
6.663808974214255,0.332,0.2141012024883842,0.19993656334702484,0.33199999999999996,0.0,0.557,0.0,0.0,0.843,0.998,0.922,0.0,0.0,0.0,9,48
3.9305904128680975,0.4093,0.3243885402786101,0.764560041173634,0.4093,0.022,0.918,0.003,0.053,0.17,0.009,0.002,0.967,0.992,0.957,10,48
3.867775473731775,0.4257,0.35104758725128105,0.6714571737276672,0.42569999999999997,0.074,0.93,0.006,0.16,0.17,0.001,0.0,0.958,0.993,0.965,11,48
4.2922627735442624,0.4143,0.33160753714331986,0.7561219011436091,0.4143,0.009,0.93,0.002,0.15,0.135,0.003,0.001,0.956,0.993,0.964,12,48
4.608072067601993,0.4016,0.3161612894941556,0.6005151311549947,0.4016,0.011,0.925,0.0,0.179,0.039,0.0,0.001,0.994,0.995,0.872,13,48
4.674386650609513,0.3883,0.2906582246974786,0.5065502222007457,0.3883,0.01,0.895,0.0,0.022,0.034,0.0,0.0,0.966,0.995,0.961,14,48
3.9558925820996587,0.6354,0.5504128094117745,0.5119555766470287,0.6354,0.881,0.955,0.96,0.935,0.0,0.846,0.0,0.812,0.0,0.965,0,49
3.916210931901353,0.6329,0.5559504573731028,0.6139277775087418,0.6328999999999999,0.832,0.956,0.961,0.948,0.0,0.759,0.0,0.88,0.031,0.962,1,49
3.6099008647397683,0.6295,0.5456841447682386,0.5590431414109871,0.6295,0.888,0.958,0.949,0.942,0.0,0.846,0.0,0.816,0.001,0.895,2,49
3.7946510560596334,0.6125,0.5248507171119016,0.5436457301883568,0.6125,0.874,0.944,0.918,0.961,0.0,0.916,0.0,0.606,0.001,0.905,3,49
4.363169458156196,0.6321,0.5511999340611015,0.5168327080133781,0.6321,0.919,0.963,0.962,0.9,0.0,0.849,0.0,0.776,0.0,0.952,4,49
6.8980843320060465,0.3132,0.1885379141909441,0.18851469690314,0.3132,0.0,0.381,0.0,0.0,0.928,0.999,0.824,0.0,0.0,0.0,5,49
6.631747271687078,0.3018,0.1770078696959091,0.19474755162186969,0.3018,0.0,0.237,0.0,0.0,0.899,0.999,0.883,0.0,0.0,0.0,6,49
5.922138028251477,0.3393,0.22389478576603125,0.20561778387031254,0.33930000000000005,0.0,0.629,0.0,0.0,0.858,1.0,0.906,0.0,0.0,0.0,7,49
7.767156873648159,0.3261,0.20191886202899284,0.23772738058175644,0.32609999999999995,0.0,0.528,0.0,0.001,0.942,0.999,0.791,0.0,0.0,0.0,8,49
6.881785779715346,0.333,0.21564239060480145,0.20043937983317264,0.333,0.0,0.574,0.0,0.0,0.836,0.998,0.922,0.0,0.0,0.0,9,49
3.9474092489614274,0.4102,0.3254726230072527,0.7786577360293396,0.4102,0.025,0.919,0.005,0.054,0.17,0.007,0.002,0.97,0.992,0.958,10,49
3.993294579152482,0.4227,0.34645679032500665,0.565320625964576,0.4227,0.072,0.93,0.003,0.151,0.153,0.0,0.0,0.96,0.993,0.965,11,49
4.347063292329684,0.4121,0.3284176456743366,0.7472091831866952,0.4121,0.009,0.93,0.001,0.16,0.105,0.004,0.001,0.956,0.994,0.961,12,49
4.4356449111201135,0.4045,0.32082111769337707,0.6046780232052132,0.40449999999999997,0.014,0.925,0.0,0.188,0.051,0.002,0.0,0.994,0.994,0.877,13,49
4.704595386029813,0.3888,0.2915987361081329,0.5076229047036496,0.3888,0.011,0.896,0.0,0.027,0.032,0.0,0.0,0.965,0.995,0.962,14,49
