test_loss,accuracy,f1score,precision,recall,accuracy_per_0,accuracy_per_1,accuracy_per_2,accuracy_per_3,accuracy_per_4,accuracy_per_5,accuracy_per_6,accuracy_per_7,accuracy_per_8,accuracy_per_9,node_id,epoch
2.4930793625967844,0.0,0.0,0.0,0.0,0.0,0.0,0.0,0.0,nan,nan,nan,nan,0.0,0.0,0,0
2.49045934677124,0.0,0.0,0.0,0.0,0.0,0.0,0.0,0.0,nan,nan,nan,nan,0.0,0.0,1,0
2.487132719584874,0.0,0.0,0.0,0.0,0.0,0.0,0.0,0.0,nan,nan,nan,nan,0.0,0.0,2,0
1.8604097005092737,0.7100478468899522,0.2512963013412519,0.24815450879811216,0.28325716484547553,nan,nan,nan,nan,0.9719626168224299,0.0,0.0,0.727580372250423,0.0,0.0,3,0
1.8623992385286274,0.6763005780346821,0.2394015609291685,0.2407901071435888,0.2757636874798591,nan,nan,nan,nan,0.9730639730639731,0.0,0.0,0.6815181518151815,0.0,0.0,4,0
1.8639579252763228,0.6827651515151515,0.24228061874882492,0.24266975308641978,0.27868852459016397,nan,nan,nan,nan,0.980327868852459,0.0,0.0,0.6918032786885245,0.0,0.0,5,0
1.8569796085357666,0.671455938697318,0.2365533248651874,0.23738368910782703,0.2717676641322122,nan,nan,nan,nan,0.9563758389261745,0.0,0.0,0.6742301458670988,0.0,0.0,6,0
1.8723086010326038,0.6666666666666666,0.23887241759477532,0.23837922214699467,0.27529711375212224,nan,nan,nan,nan,0.9709677419354839,0.0,0.0,0.6808149405772496,0.0,0.0,7,0
1.8624975031072444,0.660594439117929,0.23447689074296307,0.23682041467304626,0.27179646752015174,nan,nan,nan,nan,0.9695945945945946,0.0,0.0,0.6611842105263158,0.0,0.0,8,0
1.8631425806970308,0.683206106870229,0.24172951804222798,0.2385322009067332,0.2776345128809836,nan,nan,nan,nan,0.959731543624161,0.0,0.0,0.7060755336617406,0.0,0.0,9,0
2.1447566677542294,0.21966911764705882,0.07226001511715797,0.04877551020408163,0.13935860058309038,0.0,0.0,0.0,0.0,0.9755102040816327,0.0,nan,nan,nan,nan,10,0
2.1633583728004906,0.22592592592592592,0.07322929171668667,0.049512987012987016,0.14055299539170507,0.0,0.0,0.0,0.0,0.9838709677419355,0.0,nan,nan,nan,nan,11,0
2.1565223353249685,0.2271897810218978,0.07341884122069882,0.049750249750249755,0.14004499437570303,0.0,0.0,0.0,0.0,0.9803149606299213,0.0,nan,nan,nan,nan,12,0
2.1589565549577987,0.2232387923147301,0.07209336681932339,0.04895666131621188,0.13669467787114847,0.0,0.0,0.0,0.0,0.9568627450980393,0.0,nan,nan,nan,nan,13,0
2.158069365164813,0.1957720588235294,0.0663654774887054,0.04346938775510204,0.1402238314680711,0.0,0.0,0.0,0.0,0.9815668202764977,0.0,nan,nan,nan,nan,14,0
2.4730784552437917,0.061762034514078114,0.10119047619047619,0.1116584564860427,0.0925170068027211,0.0,0.6476190476190476,0.0,0.0,nan,nan,nan,nan,0.0,0.0,0,1
2.4644777706691197,0.05716878402903811,0.09523809523809523,0.1168831168831169,0.08035714285714286,0.0,0.5625,0.0,0.0,nan,nan,nan,nan,0.0,0.0,1,1
2.458137001310076,0.059252506836827715,0.1026045777426993,0.1079734219269103,0.09774436090225565,0.0,0.6842105263157895,0.0,0.0,nan,nan,nan,nan,0.0,0.0,2,1
1.6047731132218332,0.3320574162679426,0.08205072915874999,0.18922432471471903,0.14914189025864152,nan,nan,nan,nan,1.0,0.0,0.0,0.043993231810490696,0.0,0.0,3,1
1.6457776698199185,0.302504816955684,0.07332312821879436,0.18537074148296595,0.14686468646864687,nan,nan,nan,nan,1.0,0.0,0.0,0.028052805280528052,0.0,0.0,4,1
1.635325399312106,0.30113636363636365,0.07153218149308573,0.18540736607142858,0.14590163934426228,nan,nan,nan,nan,1.0,0.0,0.0,0.021311475409836064,0.0,0.0,5,1
1.6313323432748967,0.3007662835249042,0.07271635157891083,0.1853435985172512,0.14656170409817088,nan,nan,nan,nan,1.0,0.0,0.0,0.02593192868719611,0.0,0.0,6,1
1.625469861608563,0.3162393162393162,0.07845278784296593,0.1872316060692814,0.14843560514188697,nan,nan,nan,nan,1.0,0.0,0.0,0.03904923599320883,0.0,0.0,7,1
1.6549920204913977,0.30393096836049854,0.0749967127676106,0.1853126792885829,0.14779135338345867,nan,nan,nan,nan,1.0,0.0,0.0,0.03453947368421053,0.0,0.0,8,1
1.6383909745649858,0.29770992366412213,0.07156427730174968,0.18504884609939118,0.14614121510673234,nan,nan,nan,nan,1.0,0.0,0.0,0.022988505747126436,0.0,0.0,9,1
1.595418698647443,0.5551470588235294,0.21495163740401627,0.22003491616588203,0.2752571082879613,0.0,0.6515426497277677,0.0,0.0,1.0,0.0,nan,nan,nan,nan,10,1
1.638765250935274,0.5287037037037037,0.21199113386613386,0.21951947561436214,0.2732673267326733,0.0,0.6396039603960396,0.0,0.0,1.0,0.0,nan,nan,nan,nan,11,1
1.6378827026912144,0.5364963503649635,0.18188119624897622,0.18770365488755086,0.2333965844402277,0.0,0.6337760910815939,0.0,0.0,1.0,0.0,nan,nan,nan,nan,12,1
1.635076481955392,0.5407136322049405,0.18475123984624062,0.19032558952983356,0.23606102635228848,0.0,0.6524271844660194,0.0,0.0,1.0,0.0,nan,nan,nan,nan,13,1
1.623349947087905,0.5413602941176471,0.20952576629227163,0.2168025897248417,0.2760141093474427,0.0,0.656084656084656,0.0,0.0,1.0,0.0,nan,nan,nan,nan,14,1
1.5193645511354719,0.49591280653950953,0.3235345023915874,0.4445389800815021,0.30315069803021605,0.7333333333333333,0.9238095238095239,0.5333333333333333,0.0,nan,nan,nan,nan,0.8132530120481928,0.027777777777777776,0,2
1.5142920528139387,0.5036297640653358,0.3271527513526863,0.4272767193024813,0.3033981297378059,0.6730769230769231,0.9285714285714286,0.568,0.0,nan,nan,nan,nan,0.8152866242038217,0.04904632152588556,1,2
1.5792272193091257,0.4448495897903373,0.3157576826580409,0.4319782277255067,0.30014822047191264,0.7142857142857143,0.968421052631579,0.47520661157024796,0.0,nan,nan,nan,nan,0.7898305084745763,0.053738317757009345,2,2
0.62205837170283,0.8325358851674641,0.4637435197761212,0.543529939520167,0.4437069068881522,nan,nan,nan,nan,0.9906542056074766,0.3333333333333333,0.620253164556962,0.805414551607445,0.8,0.0,3,2
0.6557830102515944,0.8092485549132948,0.4092674256548114,0.4901807531214947,0.3917098852742417,nan,nan,nan,nan,1.0,0.25,0.7142857142857143,0.7706270627062707,0.7428571428571429,0.047619047619047616,4,2
0.6448621605381821,0.8285984848484849,0.4301876178834147,0.5399751778956037,0.4365634186061278,nan,nan,nan,nan,0.9967213114754099,0.07142857142857142,0.7575757575757576,0.7983606557377049,0.868421052631579,0.0,5,2
0.6583607223900881,0.8084291187739464,0.4520284277084239,0.5239401364527114,0.4432329894331208,nan,nan,nan,nan,0.9832214765100671,0.29411764705882354,0.7049180327868853,0.7811993517017828,0.7407407407407407,0.041666666666666664,6,2
0.6733675075299812,0.7948717948717948,0.3544333069871422,0.37870857658439355,0.3486988198159964,nan,nan,nan,nan,0.9870967741935484,0.0,0.6376811594202898,0.7758913412563667,0.7073170731707317,0.030303030303030304,7,2
0.6987958505298152,0.8082454458293384,0.38120024969478244,0.47926447422201135,0.38438031605192463,nan,nan,nan,nan,0.9932432432432432,0.08333333333333333,0.7746478873239436,0.7697368421052632,0.8,0.038461538461538464,8,2
0.6579756077491876,0.8101145038167938,0.41452346596563666,0.5422964109391162,0.4096018880822405,nan,nan,nan,nan,0.9932885906040269,0.07142857142857142,0.6166666666666667,0.8013136288998358,0.7941176470588235,0.0,9,2
0.7153207835029153,0.7931985294117647,0.396752841601594,0.4859483681112895,0.36695097330222404,0.7142857142857143,0.9509981851179673,0.5230769230769231,0.0,0.9959183673469387,0.11827956989247312,nan,nan,nan,nan,10,2
0.7684696991654003,0.7620370370370371,0.3932773230733052,0.4851026987173721,0.3596488109776599,0.6888888888888889,0.9425742574257425,0.4782608695652174,0.0,0.9959677419354839,0.13114754098360656,nan,nan,nan,nan,11,2
0.7770214932305473,0.7791970802919708,0.35903738685440223,0.4578182261072222,0.3279117929687937,0.6410256410256411,0.952561669829222,0.5757575757575758,0.0,0.9921259842519685,0.11764705882352941,nan,nan,nan,nan,12,2
0.7707985264914377,0.7749313815187557,0.3568549183441435,0.4392818898908592,0.3295070279250748,0.7272727272727273,0.9495145631067962,0.5,0.0,0.9921568627450981,0.12612612612612611,nan,nan,nan,nan,13,2
0.7249307693804011,0.7931985294117647,0.3657748428329438,0.44469134259137144,0.3432943098760869,0.7837837837837838,0.9594356261022927,0.5789473684210527,0.0,0.9953917050691244,0.11538461538461539,nan,nan,nan,nan,14,2
1.0127843575818198,0.5685740236148955,0.43066176278523527,0.4881343753565663,0.48089194624748605,0.9777777777777777,0.9714285714285714,0.9372549019607843,0.75,nan,nan,nan,nan,0.39156626506024095,0.3,0,3
0.9446944866861616,0.5943738656987296,0.47494718000425107,0.5816170219605938,0.4808073242209291,1.0,1.0,0.948,0.14285714285714285,nan,nan,nan,nan,0.4585987261146497,0.2970027247956403,1,3
1.026599895954132,0.5533272561531449,0.46034209942880566,0.525773969619979,0.51551839278257,1.0,1.0,0.9090909090909091,0.5,nan,nan,nan,nan,0.376271186440678,0.338785046728972,2,3
0.15388166503698536,0.9559808612440192,0.7934630536677432,0.9418221380368514,0.7827236206740134,nan,nan,nan,nan,0.9657320872274143,0.8888888888888888,0.9620253164556962,0.9796954314720813,0.8333333333333334,0.06666666666666667,3,3
0.15211415996379923,0.9556840077071291,0.777773913988869,0.9330829066773103,0.7687710338494167,nan,nan,nan,nan,0.9865319865319865,0.8125,0.9841269841269841,0.9818481848184818,0.8,0.047619047619047616,4,3
0.17961705724398294,0.946969696969697,0.7257364179134048,0.7452093153525042,0.7170087414263429,nan,nan,nan,nan,0.9901639344262295,0.5,0.9696969696969697,0.9737704918032787,0.868421052631579,0.0,5,3
0.18422209245688986,0.9454022988505747,0.7360587524869017,0.91340142767839,0.7189518930874689,nan,nan,nan,nan,0.9697986577181208,0.5882352941176471,0.9508196721311475,0.9854132901134521,0.7777777777777778,0.041666666666666664,6,3
0.21046300074367813,0.9316239316239316,0.7311553560873262,0.7635864955381542,0.7146900729192373,nan,nan,nan,nan,0.9774193548387097,0.6363636363636364,0.9420289855072463,0.9762308998302207,0.7560975609756098,0.0,7,3
1.8857178110064883,0.4199424736337488,0.230557598537402,0.41411127056532215,0.2568411886040685,nan,nan,nan,nan,0.9628378378378378,0.75,0.014084507042253521,0.20559210526315788,0.36666666666666664,0.2692307692307692,8,3
0.1948287750058102,0.9341603053435115,0.6750931215672188,0.807900487361538,0.6621778094166703,nan,nan,nan,nan,0.9664429530201343,0.21428571428571427,0.95,0.9885057471264368,0.8235294117647058,0.030303030303030304,9,3
0.2731894461766762,0.9172794117647058,0.6097855972854778,0.644312013199019,0.6177049870191712,1.0,0.985480943738657,0.9076923076923077,0.3125,0.9510204081632653,0.7849462365591398,nan,nan,nan,nan,10,3
0.2629053502836648,0.9277777777777778,0.7342069142105255,0.7574133703007492,0.7401062256341745,0.9888888888888889,0.9782178217821782,0.9130434782608695,0.4927536231884058,0.9717741935483871,0.8360655737704918,nan,nan,nan,nan,11,3
1.572265430859157,0.48266423357664234,0.23035352863621267,0.37365700806561025,0.2228199962440725,0.0,0.4098671726755218,0.015151515151515152,0.0,0.9921259842519685,0.5882352941176471,nan,nan,nan,nan,12,3
0.2663209495799882,0.9194876486733761,0.5598298179941464,0.5811209357773718,0.5615165907268833,0.9886363636363636,0.9844660194174757,0.9074074074074074,0.42857142857142855,0.9607843137254902,0.7837837837837838,nan,nan,nan,nan,13,3
0.23478282988071442,0.9310661764705882,0.6368559613937412,0.6634063954826326,0.6419040145999221,0.9594594594594594,0.9876543209876543,0.9298245614035088,0.43478260869565216,0.967741935483871,0.8557692307692307,nan,nan,nan,nan,14,3
0.8229171182428088,0.6630336058128974,0.4675962528126414,0.4984705891116131,0.513846640842861,0.9777777777777777,0.9714285714285714,0.9411764705882353,0.75,nan,nan,nan,nan,0.4759036144578313,0.5083333333333333,0,4
0.7522089319569724,0.6923774954627949,0.49024361963027246,0.5208542455498978,0.5080980364446582,1.0,1.0,0.956,0.5714285714285714,nan,nan,nan,nan,0.5222929936305732,0.5231607629427792,1,4
0.8108380096299308,0.6517775752051048,0.4913684344659672,0.5310659645991398,0.5496608617497521,1.0,0.9894736842105263,0.9297520661157025,0.5,nan,nan,nan,nan,0.4406779661016949,0.5373831775700935,2,4
0.12061746285833193,0.9617224880382775,0.8191593973690495,0.908107399750781,0.8252591967168715,nan,nan,nan,nan,0.9781931464174455,1.0,0.9620253164556962,0.9780033840947546,0.8333333333333334,0.2,3,4
0.11798611971916574,0.9605009633911368,0.8062649124144411,0.8605048623693041,0.7998115089286707,nan,nan,nan,nan,0.9831649831649831,0.875,0.9841269841269841,0.9851485148514851,0.8285714285714286,0.14285714285714285,4,4
0.14357646986503492,0.9583333333333334,0.7805330274995632,0.9057488544294655,0.7684224681880082,nan,nan,nan,nan,0.9967213114754099,0.7142857142857143,0.9696969696969697,0.9836065573770492,0.8157894736842105,0.13043478260869565,5,4
0.14973477883772415,0.9511494252873564,0.7858774756512842,0.8846692733789508,0.7666497908117681,nan,nan,nan,nan,0.9731543624161074,0.8235294117647058,0.9180327868852459,0.9870340356564019,0.8148148148148148,0.08333333333333333,6,4
0.1722279590639201,0.9449192782526116,0.6829173246496857,0.7830037443901239,0.666627006060631,nan,nan,nan,nan,0.9806451612903225,0.8181818181818182,0.9710144927536232,0.9830220713073005,0.7317073170731707,0.18181818181818182,7,4
1.948237050663341,0.4304889741131352,0.2599053468424612,0.42588193123224966,0.305693865659581,nan,nan,nan,nan,0.9459459459459459,0.8333333333333334,0.07042253521126761,0.20723684210526316,0.5,0.5,8,4
0.15580215697374308,0.9465648854961832,0.7560547167441021,0.856493289329879,0.7371026930755752,nan,nan,nan,nan,0.9765100671140939,0.5714285714285714,0.9666666666666667,0.9917898193760263,0.7647058823529411,0.15151515151515152,9,4
0.2253604110549478,0.9356617647058824,0.7434502011767801,0.764818273773139,0.7467186881660604,1.0,0.9872958257713249,0.9384615384615385,0.515625,0.9469387755102041,0.8387096774193549,nan,nan,nan,nan,10,4
0.20684804285273833,0.9435185185185185,0.7733867577186689,0.778582233135887,0.776481401215329,0.9888888888888889,0.9762376237623762,0.9130434782608695,0.7246376811594203,0.9637096774193549,0.8688524590163934,nan,nan,nan,nan,11,4
1.5824231266975404,0.48996350364963503,0.235014133374335,0.37472437324878505,0.23921437325940603,0.0,0.3946869070208729,0.015151515151515152,0.0,0.9881889763779528,0.7549019607843137,nan,nan,nan,nan,12,4
0.21018070727586746,0.9341262580054894,0.5877707446031134,0.6018855173589147,0.5847671644628939,0.9886363636363636,0.9825242718446602,0.9074074074074074,0.5857142857142857,0.9607843137254902,0.8378378378378378,nan,nan,nan,nan,13,4
0.17704668816398172,0.9466911764705882,0.6715620698455135,0.686161215955764,0.6706438197985373,0.9594594594594594,0.9876543209876543,0.9473684210526315,0.6086956521739131,0.967741935483871,0.8942307692307693,nan,nan,nan,nan,14,4
0.7655365662915367,0.6902815622161671,0.4663541339370374,0.4953207469351265,0.5236234386659617,0.9777777777777777,0.9714285714285714,0.9450980392156862,0.75,nan,nan,nan,nan,0.5210843373493976,0.5472222222222223,0,5
0.698232295683452,0.7168784029038112,0.5570731155288764,0.5826811757729021,0.5993447659874099,1.0,1.0,0.96,0.7142857142857143,nan,nan,nan,nan,0.5700636942675159,0.5504087193460491,1,5
0.7464786180428096,0.6873290793072014,0.5250202123905761,0.555930132054322,0.6270148116210004,1.0,0.9894736842105263,0.9504132231404959,1.0,nan,nan,nan,nan,0.5084745762711864,0.5677570093457944,2,5
0.09992103126238693,0.9636363636363636,0.8299118449242334,0.8597611397598052,0.8348246189790746,nan,nan,nan,nan,0.9781931464174455,1.0,0.9493670886075949,0.9813874788494078,0.8333333333333334,0.26666666666666666,3,5
0.0990036561182051,0.964354527938343,0.8491564676320231,0.8900294641694445,0.8315575406747023,nan,nan,nan,nan,0.9831649831649831,0.875,0.9841269841269841,0.9851485148514851,0.8285714285714286,0.3333333333333333,4,5
0.1203643957604513,0.9621212121212122,0.8195551517328251,0.8940472168333424,0.7986603044036364,nan,nan,nan,nan,0.9967213114754099,0.7142857142857143,0.9696969696969697,0.9819672131147541,0.868421052631579,0.2608695652173913,5,5
0.12788973266089504,0.9616858237547893,0.8473406677122236,0.9301992660863627,0.8102453984825719,nan,nan,nan,nan,0.9798657718120806,0.8235294117647058,0.9180327868852459,0.9918962722852512,0.8148148148148148,0.3333333333333333,6,5
0.14932713810015807,0.956315289648623,0.7204454637866862,0.7863817384205385,0.7011720525116525,nan,nan,nan,nan,0.9838709677419355,0.8181818181818182,1.0,0.9864176570458404,0.7560975609756098,0.36363636363636365,7,5
1.9136469833778613,0.44870565675934804,0.27553253218381146,0.42757933182941243,0.33182273213083074,nan,nan,nan,nan,0.9662162162162162,0.8333333333333334,0.056338028169014086,0.21875,0.6666666666666666,0.5769230769230769,8,5
0.12899619555383018,0.9522900763358778,0.7971301477259813,0.8584972340190556,0.783477273007202,nan,nan,nan,nan,0.9798657718120806,0.7857142857142857,0.9666666666666667,0.9917898193760263,0.7647058823529411,0.21212121212121213,9,5
0.192146135658464,0.9448529411764706,0.7648434188823421,0.7744388528474005,0.7677148857765539,1.0,0.985480943738657,0.9384615384615385,0.65625,0.9551020408163265,0.8387096774193549,nan,nan,nan,nan,10,5
0.17218702615183942,0.9518518518518518,0.7846343551957805,0.786924577338272,0.7885637862195487,0.9777777777777777,0.9782178217821782,0.9347826086956522,0.7681159420289855,0.9758064516129032,0.8852459016393442,nan,nan,nan,nan,11,5
1.531414464541844,0.48996350364963503,0.21736165484782974,0.33773959743622256,0.2201117013642227,0.0,0.3870967741935484,0.045454545454545456,0.0,0.984251968503937,0.7843137254901961,nan,nan,nan,nan,12,5
0.17255037698362555,0.9478499542543458,0.6058340900398274,0.6116571203581357,0.6054552661967473,0.9886363636363636,0.9825242718446602,0.9444444444444444,0.7,0.9686274509803922,0.8648648648648649,nan,nan,nan,nan,13,5
0.14163306558175998,0.9568014705882353,0.6860979970686916,0.6943064053705099,0.6876436756118758,0.9594594594594594,0.9876543209876543,0.9824561403508771,0.6811594202898551,0.9769585253456221,0.9134615384615384,nan,nan,nan,nan,14,5
0.707761549949646,0.7238873751135332,0.47821042391476554,0.4981142066753319,0.5638023928893289,0.9777777777777777,0.9809523809523809,0.9529411764705882,1.0,nan,nan,nan,nan,0.5542168674698795,0.6083333333333333,0,6
0.6382959740502494,0.7468239564428312,0.5689265073333589,0.5885884344434199,0.6114782462630135,1.0,1.0,0.968,0.7142857142857143,nan,nan,nan,nan,0.6019108280254777,0.6076294277929155,1,6
0.6798715344497136,0.7283500455788514,0.5408929815911694,0.5624493948241008,0.6428058446199413,1.0,0.9894736842105263,0.9628099173553719,1.0,nan,nan,nan,nan,0.559322033898305,0.6308411214953271,2,6
0.08544593806745428,0.9712918660287081,0.8793766754853394,0.899645087576122,0.8753159452595751,nan,nan,nan,nan,0.9844236760124611,1.0,0.9493670886075949,0.9847715736040609,0.8666666666666667,0.4666666666666667,3,6
0.08576534136734677,0.9691714836223507,0.874348831225498,0.9112917988227395,0.8527425163151237,nan,nan,nan,nan,0.9831649831649831,0.875,0.9841269841269841,0.9884488448844885,0.8571428571428571,0.42857142857142855,4,6
0.10171965084913553,0.9659090909090909,0.8421794888685294,0.8893345280188658,0.8206726588821348,nan,nan,nan,nan,0.9967213114754099,0.7142857142857143,0.9696969696969697,0.9836065573770492,0.868421052631579,0.391304347826087,5,6
0.11269639313898304,0.9664750957854407,0.8779092632004307,0.9294255678653549,0.8444851756256954,nan,nan,nan,nan,0.9832214765100671,0.8235294117647058,0.9180327868852459,0.9902755267423015,0.8518518518518519,0.5,6,6
0.13071831919704424,0.9620132953466287,0.7431890409112112,0.7928367633454191,0.7270047660457201,nan,nan,nan,nan,0.9870967741935484,0.9090909090909091,1.0,0.9881154499151104,0.7804878048780488,0.42424242424242425,7,6
1.8618862556688713,0.46596356663470756,0.28089371204201863,0.4318585018371993,0.33915112327501135,nan,nan,nan,nan,0.9695945945945946,0.8333333333333334,0.056338028169014086,0.2450657894736842,0.6333333333333333,0.6538461538461539,8,6
0.10692094252303694,0.9627862595419847,0.8541643048082781,0.8865538929041575,0.8412473202166492,nan,nan,nan,nan,0.9832214765100671,0.8571428571428571,0.9666666666666667,0.9917898193760263,0.7941176470588235,0.45454545454545453,9,6
0.1739455184844487,0.9522058823529411,0.7805850926512369,0.7872210119366747,0.7847729621088237,1.0,0.985480943738657,0.9846153846153847,0.71875,0.9551020408163265,0.8494623655913979,nan,nan,nan,nan,10,6
0.1573279692846186,0.9564814814814815,0.6933762878000486,0.6943550947508907,0.6961895911888456,0.9777777777777777,0.9821782178217822,0.9347826086956522,0.8260869565217391,0.9798387096774194,0.8688524590163934,nan,nan,nan,nan,11,6
1.466584815297808,0.5237226277372263,0.23535744718048807,0.4390544291262655,0.235334469352608,0.02564102564102564,0.44022770398481975,0.07575757575757576,0.0,0.9881889763779528,0.8235294117647058,nan,nan,nan,nan,12,6
0.1572547221822398,0.9560841720036597,0.6941302005701804,0.6993914417593488,0.6927202636386673,0.9886363636363636,0.9864077669902913,0.9629629629629629,0.7714285714285715,0.9764705882352941,0.8558558558558559,nan,nan,nan,nan,13,6
0.12557557077311418,0.9577205882352942,0.6901271781484448,0.6989406228923494,0.6890834764176187,0.9594594594594594,0.9894179894179894,0.9824561403508771,0.7101449275362319,0.9769585253456221,0.8942307692307693,nan,nan,nan,nan,14,6
0.608499846288136,0.7656675749318801,0.49332314383548387,0.5055925324500739,0.5786476125479196,0.9777777777777777,0.9809523809523809,0.9568627450980393,1.0,nan,nan,nan,nan,0.6144578313253012,0.6777777777777778,0,7
0.548263099363872,0.7921960072595281,0.5916582160516446,0.600760780823392,0.6298879722214646,1.0,1.0,0.968,0.7142857142857143,nan,nan,nan,nan,0.678343949044586,0.6784741144414169,1,7
0.5816671656710761,0.7693710118505014,0.5599628438206588,0.5726529969282267,0.659201313827519,1.0,0.9894736842105263,0.9669421487603306,1.0,nan,nan,nan,nan,0.6372881355932203,0.6799065420560748,2,7
0.07568492418663068,0.9751196172248804,0.9032534770927375,0.9238909967974007,0.892546627718684,nan,nan,nan,nan,0.9844236760124611,1.0,0.9493670886075949,0.988155668358714,0.9,0.5333333333333333,3,7
0.07682493838453383,0.9730250481695568,0.8915425465740648,0.9238450187472913,0.86916558719364,nan,nan,nan,nan,0.9831649831649831,0.875,0.9841269841269841,0.9917491749174917,0.8571428571428571,0.5238095238095238,4,7
0.09003611673092977,0.9678030303030303,0.8466562617814605,0.8875838444419336,0.8253318478381314,nan,nan,nan,nan,0.9967213114754099,0.7142857142857143,0.9696969696969697,0.9852459016393442,0.8947368421052632,0.391304347826087,5,7
0.10305582105436108,0.9674329501915708,0.877972763121568,0.9223730760312008,0.8483863819453082,nan,nan,nan,nan,0.9832214765100671,0.8823529411764706,0.9180327868852459,0.9918962722852512,0.8148148148148148,0.5,6,7
0.11951043795455586,0.9686609686609686,0.7697646257274818,0.7944920178147871,0.7556184288057244,nan,nan,nan,nan,0.9870967741935484,0.9090909090909091,1.0,0.9881154499151104,0.8292682926829268,0.5757575757575758,7,7
1.77863343556722,0.48705656759348037,0.29547445636601166,0.4375853805298136,0.3545457413206672,nan,nan,nan,nan,0.9695945945945946,0.8333333333333334,0.07042253521126761,0.2746710526315789,0.6666666666666666,0.7307692307692307,8,7
0.09414074966458208,0.9685114503816794,0.8792574632447607,0.9087112600551263,0.8621337529562748,nan,nan,nan,nan,0.9865771812080537,0.8571428571428571,0.9666666666666667,0.993431855500821,0.8235294117647058,0.5454545454545454,9,7
0.1606706046663663,0.9540441176470589,0.7829938338184329,0.7893462828236454,0.7868921507981242,1.0,0.985480943738657,0.9846153846153847,0.71875,0.9591836734693877,0.8602150537634409,nan,nan,nan,nan,10,7
0.14423654803677516,0.9583333333333334,0.6986192061359775,0.7032013902333228,0.6969411481993852,0.9777777777777777,0.9841584158415841,0.9347826086956522,0.8260869565217391,0.9838709677419355,0.8688524590163934,nan,nan,nan,nan,11,7
1.4012911115373885,0.5547445255474452,0.25399844653419007,0.44132771870914755,0.2474806722957749,0.07692307692307693,0.4952561669829222,0.09090909090909091,0.0,0.9881889763779528,0.8235294117647058,nan,nan,nan,nan,12,7
0.1445695166609117,0.958828911253431,0.6207311163777939,0.624767157235269,0.6201772810964384,0.9886363636363636,0.9883495145631068,0.9814814814814815,0.7857142857142857,0.9725490196078431,0.8648648648648649,nan,nan,nan,nan,13,7
0.11405716003740535,0.9586397058823529,0.6943599937288238,0.7037044550677123,0.6936251685331278,0.972972972972973,0.9894179894179894,1.0,0.7246376811594203,0.967741935483871,0.8942307692307693,nan,nan,nan,nan,14,7
0.546399466906275,0.8001816530426885,0.5054299011347254,0.5130727939438413,0.5913268698822679,0.9777777777777777,0.9809523809523809,0.9725490196078431,1.0,nan,nan,nan,nan,0.6656626506024096,0.725,0,8
0.492682729448591,0.8248638838475499,0.5993047823774285,0.6016551473508465,0.6610641331108538,1.0,1.0,0.98,0.8571428571428571,nan,nan,nan,nan,0.7292993630573248,0.7220708446866485,1,8
0.5168898744242532,0.8003646308113036,0.5676874922495789,0.5749295265124419,0.6711063114514696,1.0,0.9894736842105263,0.9669421487603306,1.0,nan,nan,nan,nan,0.688135593220339,0.7242990654205608,2,8
0.06869949662888591,0.9779904306220095,0.9239128397272921,0.9232562256236917,0.9258799610520173,nan,nan,nan,nan,0.9844236760124611,1.0,0.9493670886075949,0.988155668358714,0.9,0.7333333333333333,3,8
0.06988392725135341,0.9759152215799615,0.9048460550633476,0.9298975166381419,0.8853136305694062,nan,nan,nan,nan,0.9831649831649831,0.875,0.9841269841269841,0.9933993399339934,0.8571428571428571,0.6190476190476191,4,8
0.08002031353217634,0.9753787878787878,0.8909764170676979,0.9140000735917866,0.8758129150821502,nan,nan,nan,nan,0.9967213114754099,0.8571428571428571,0.9696969696969697,0.9885245901639345,0.9210526315789473,0.5217391304347826,5,8
0.09588104530209393,0.9703065134099617,0.8951200738499624,0.9292181708049455,0.8692197152786415,nan,nan,nan,nan,0.9832214765100671,0.8823529411764706,0.9180327868852459,0.9918962722852512,0.8148148148148148,0.625,6,8
0.1098518110882265,0.9705603038936372,0.7725088665714134,0.7871905683371027,0.76343175369222,nan,nan,nan,nan,0.9870967741935484,0.9090909090909091,1.0,0.9881154499151104,0.8536585365853658,0.6060606060606061,7,8
1.6700643264886104,0.5186960690316395,0.3108975079643774,0.4399151595901013,0.36370530395965905,nan,nan,nan,nan,0.9695945945945946,0.8333333333333334,0.11267605633802817,0.32401315789473684,0.6666666666666666,0.7307692307692307,8,8
0.08327301799065688,0.9751908396946565,0.8992830706817884,0.9193199089243714,0.8859465077398698,nan,nan,nan,nan,0.9899328859060402,0.8571428571428571,0.9833333333333333,0.9950738916256158,0.8235294117647058,0.6666666666666666,9,8
0.14700757169767337,0.9604779411764706,0.6987215499057293,0.7004054130363562,0.7030063408113084,1.0,0.985480943738657,1.0,0.8125,0.9551020408163265,0.8709677419354839,nan,nan,nan,nan,10,8
0.133859410224592,0.9583333333333334,0.698362941014121,0.7008779879886882,0.6990357141831834,0.9777777777777777,0.9841584158415841,0.9347826086956522,0.855072463768116,0.9798387096774194,0.860655737704918,nan,nan,nan,nan,11,8
1.3108765959739686,0.5948905109489051,0.28018987334920303,0.5446586795271006,0.26596311271304307,0.15384615384615385,0.5597722960151803,0.10606060606060606,0.014492753623188406,0.9921259842519685,0.8333333333333334,nan,nan,nan,nan,12,8
0.1326070388512952,0.9606587374199451,0.6229876861247924,0.6241643743776797,0.6245244854436428,0.9886363636363636,0.9883495145631068,0.9814814814814815,0.8428571428571429,0.9725490196078431,0.8468468468468469,nan,nan,nan,nan,13,8
0.10434853836127064,0.9641544117647058,0.7050218058552341,0.7097920805615268,0.7038688475399555,0.972972972972973,0.9894179894179894,1.0,0.8115942028985508,0.9723502304147466,0.8846153846153846,nan,nan,nan,nan,14,8
0.5053006014653615,0.8247048138056312,0.5166673710264118,0.5216918370874984,0.6003048296516287,0.9777777777777777,0.9809523809523809,0.9803921568627451,1.0,nan,nan,nan,nan,0.7108433734939759,0.7527777777777778,0,9
0.4604894420930317,0.8457350272232305,0.6078739746661979,0.6064072716675204,0.6676839510261515,0.9807692307692307,1.0,0.984,0.8571428571428571,nan,nan,nan,nan,0.767515923566879,0.7520435967302452,1,9
0.47726816620145524,0.8240656335460347,0.5763674314815327,0.5787343702635925,0.679977624156592,1.0,0.9894736842105263,0.9710743801652892,1.0,nan,nan,nan,nan,0.7152542372881356,0.764018691588785,2,9
0.06268734689519713,0.9799043062200957,0.9299241244855087,0.9339061263210117,0.9282716735895886,nan,nan,nan,nan,0.9844236760124611,1.0,0.9620253164556962,0.9898477157360406,0.9,0.7333333333333333,3,9
0.06447368415749886,0.9778420038535646,0.9152848715895132,0.9428801544988888,0.8935251660086644,nan,nan,nan,nan,0.9831649831649831,0.875,0.9841269841269841,0.995049504950495,0.8571428571428571,0.6666666666666666,4,9
0.0740136649480767,0.978219696969697,0.9081196009577144,0.9218606483720171,0.8975520455169329,nan,nan,nan,nan,0.9967213114754099,0.8571428571428571,0.9696969696969697,0.9885245901639345,0.9210526315789473,0.6521739130434783,5,9
0.09037555868483403,0.9741379310344828,0.9029122832714025,0.9329919021938147,0.8794366486745612,nan,nan,nan,nan,0.9832214765100671,0.8823529411764706,0.9344262295081968,0.9951377633711507,0.8148148148148148,0.6666666666666666,6,9
0.10327143230912925,0.9715099715099715,0.7700368528789406,0.7797356951036035,0.7661511941395707,nan,nan,nan,nan,0.9903225806451613,0.9090909090909091,0.9855072463768116,0.9881154499151104,0.8536585365853658,0.6363636363636364,7,9
1.5516615744793054,0.5599232981783318,0.33508541253144275,0.44396002276283963,0.3894546600829032,nan,nan,nan,nan,0.9695945945945946,0.8333333333333334,0.16901408450704225,0.3815789473684211,0.7333333333333333,0.8076923076923077,8,9
0.07565274035953211,0.9742366412213741,0.8972084965939224,0.9143512104085819,0.8856728350524041,nan,nan,nan,nan,0.9899328859060402,0.8571428571428571,0.9833333333333333,0.993431855500821,0.8235294117647058,0.6666666666666666,9,9
0.1367366868071258,0.9623161764705882,0.7017341909388312,0.7030140494162461,0.705469669892941,1.0,0.985480943738657,1.0,0.828125,0.9591836734693877,0.8709677419354839,nan,nan,nan,nan,10,9
0.12397111853694215,0.9611111111111111,0.7011722147898316,0.7030589353868597,0.7018629157969024,0.9777777777777777,0.9881188118811881,0.9347826086956522,0.8695652173913043,0.9758064516129032,0.8688524590163934,nan,nan,nan,nan,11,9
1.2436850360461644,0.6213503649635036,0.30090652821178115,0.5486270330810473,0.2804374429368989,0.24358974358974358,0.5996204933586338,0.12121212121212122,0.014492753623188406,0.9921259842519685,0.8333333333333334,nan,nan,nan,nan,12,9
0.12046305539884737,0.9634034766697164,0.6256964392519286,0.6270466125350871,0.6269622172931393,0.9886363636363636,0.9883495145631068,0.9814814814814815,0.8428571428571429,0.9764705882352941,0.8648648648648649,nan,nan,nan,nan,13,9
0.09565390928593628,0.9659926470588235,0.7073284842038586,0.7114344936920258,0.7062564786092136,0.972972972972973,0.9894179894179894,1.0,0.8260869565217391,0.9769585253456221,0.8846153846153846,nan,nan,nan,nan,14,9
0.4672777712345123,0.8365122615803815,0.5210375299868519,0.5246024250458097,0.6043462677351173,0.9777777777777777,0.9809523809523809,0.9764705882352941,1.0,nan,nan,nan,nan,0.7289156626506024,0.775,0,10
0.4295162741627012,0.8539019963702359,0.6083922999991753,0.6060272620028182,0.6708643255553867,0.9807692307692307,1.0,0.984,0.8571428571428571,nan,nan,nan,nan,0.7738853503184714,0.771117166212534,1,10
0.43624384573527747,0.8404740200546946,0.587816982140175,0.5881044661946362,0.6864196881515231,1.0,0.9894736842105263,0.9710743801652892,1.0,nan,nan,nan,nan,0.7457627118644068,0.7850467289719626,2,10
0.0591548490196918,0.9827751196172249,0.9388343698448698,0.9388045918395429,0.9401840033965053,nan,nan,nan,nan,0.9875389408099688,1.0,0.9620253164556962,0.9915397631133672,0.9,0.8,3,10
0.06220168437963972,0.9797687861271677,0.9248799957777843,0.9543663722361401,0.9042168601780812,nan,nan,nan,nan,0.9831649831649831,0.9375,0.9841269841269841,0.9966996699669967,0.8571428571428571,0.6666666666666666,4,10
0.07033074222801422,0.9801136363636364,0.9184321953653481,0.9386957586955501,0.9022112344729294,nan,nan,nan,nan,0.9967213114754099,0.8571428571428571,0.9696969696969697,0.9901639344262295,0.9473684210526315,0.6521739130434783,5,10
0.08928621079151829,0.975095785440613,0.9108929997783607,0.9421657726259572,0.8853203283215612,nan,nan,nan,nan,0.9798657718120806,0.8823529411764706,0.9344262295081968,0.9967585089141004,0.8518518518518519,0.6666666666666666,6,10
0.09960663636483139,0.9724596391263058,0.9009920015793177,0.9108006995688155,0.8970157403514083,nan,nan,nan,nan,0.9935483870967742,0.9090909090909091,0.9710144927536232,0.9881154499151104,0.8536585365853658,0.6666666666666666,7,10
1.490163474371939,0.5819750719079578,0.3332527971658502,0.4358719619132053,0.38506869517062253,nan,nan,nan,nan,0.9695945945945946,0.75,0.16901408450704225,0.42105263157894735,0.7333333333333333,0.8076923076923077,8,10
0.07098801491894957,0.9780534351145038,0.9118240300792865,0.924948855033379,0.9081008240118332,nan,nan,nan,nan,0.9899328859060402,0.9285714285714286,0.9833333333333333,0.9950738916256158,0.7941176470588235,0.7575757575757576,9,10
0.12651150851674817,0.9641544117647058,0.7038754428197437,0.7057641047024941,0.7064900780562064,1.0,0.985480943738657,1.0,0.828125,0.9673469387755103,0.8709677419354839,nan,nan,nan,nan,10,10
0.11542385153691559,0.9666666666666667,0.7092957640005921,0.7099564535519184,0.7107567080929807,0.9777777777777777,0.9881188118811881,0.9565217391304348,0.8985507246376812,0.9798387096774194,0.8852459016393442,nan,nan,nan,nan,11,10
1.1337435330663408,0.6724452554744526,0.32845443350214987,0.5512351414939087,0.3058511472921097,0.358974358974359,0.6793168880455408,0.13636363636363635,0.028985507246376812,0.9921259842519685,0.8627450980392157,nan,nan,nan,nan,12,10
0.112619683239609,0.9643183897529735,0.62827722212989,0.6301853515985614,0.6285284894476467,0.9886363636363636,0.9883495145631068,0.9814814814814815,0.8428571428571429,0.9725490196078431,0.8828828828828829,nan,nan,nan,nan,13,10
0.08801571475615834,0.9669117647058824,0.7085828636481957,0.7113563465999195,0.7080680728121121,0.972972972972973,0.9894179894179894,1.0,0.8405797101449275,0.9769585253456221,0.8846153846153846,nan,nan,nan,nan,14,10
0.4426628276705742,0.8483197093551317,0.5265394133494172,0.5301028124230633,0.6087199717013089,0.9777777777777777,0.9809523809523809,0.9803921568627451,1.0,nan,nan,nan,nan,0.7560240963855421,0.7833333333333333,0,11
0.4091966580067362,0.8620689655172413,0.6082889888244851,0.605377591129395,0.6743896383862238,0.9807692307692307,1.0,0.984,0.8571428571428571,nan,nan,nan,nan,0.7993630573248408,0.773841961852861,1,11
0.4133290750639779,0.8505013673655424,0.5897488167535337,0.5877964128572204,0.6907245595110292,1.0,0.9894736842105263,0.9669421487603306,1.0,nan,nan,nan,nan,0.7796610169491526,0.7897196261682243,2,11
0.05646553617958544,0.9837320574162679,0.9410822839152334,0.9321478597169621,0.9512951145076164,nan,nan,nan,nan,0.9875389408099688,1.0,0.9620253164556962,0.9915397631133672,0.9,0.8666666666666667,3,11
0.05716823082360806,0.9816955684007708,0.9335078911000053,0.956037865510503,0.9169152728764941,nan,nan,nan,nan,0.9831649831649831,0.9375,0.9841269841269841,0.9966996699669967,0.8857142857142857,0.7142857142857143,4,11
0.06605444646750887,0.9820075757575758,0.9303395102685593,0.9374645235096887,0.9236771408639961,nan,nan,nan,nan,0.9967213114754099,0.8571428571428571,0.9696969696969697,0.9885245901639345,0.9473684210526315,0.782608695652174,5,11
0.08660370049377282,0.975095785440613,0.9129222332227241,0.9372647743495318,0.8919946485088474,nan,nan,nan,nan,0.9798657718120806,0.8823529411764706,0.9344262295081968,0.9951377633711507,0.8518518518518519,0.7083333333333334,6,11
0.09459786126601764,0.9753086419753086,0.9172598067409204,0.9189848337430796,0.9222682656039335,nan,nan,nan,nan,0.9935483870967742,1.0,0.9710144927536232,0.9881154499151104,0.8536585365853658,0.7272727272727273,7,11
1.3964082996050518,0.6021093000958773,0.3466267848818231,0.43946104400649855,0.39259602284898804,nan,nan,nan,nan,0.972972972972973,0.75,0.18309859154929578,0.4506578947368421,0.8,0.7692307692307693,8,11
0.06488779033393119,0.9790076335877863,0.9154576945068906,0.9272422115611003,0.910878601789611,nan,nan,nan,nan,0.9899328859060402,0.9285714285714286,1.0,0.9950738916256158,0.7941176470588235,0.7575757575757576,9,11
0.12075257423224256,0.9696691176470589,0.711017612758772,0.7117022617346542,0.7132710263226096,1.0,0.985480943738657,1.0,0.859375,0.9795918367346939,0.8817204301075269,nan,nan,nan,nan,10,11
0.11186485962175272,0.9666666666666667,0.7085214839996521,0.7081468970100475,0.7112772659988507,0.9777777777777777,0.9881188118811881,0.9565217391304348,0.8985507246376812,0.9758064516129032,0.8934426229508197,nan,nan,nan,nan,11,11
1.0574971658842904,0.6906934306569343,0.34982902022676604,0.5531638427550559,0.31988722946200926,0.3974358974358974,0.7020872865275142,0.18181818181818182,0.07246376811594203,0.9921259842519685,0.8529411764705882,nan,nan,nan,nan,12,11
0.10548439548750009,0.9670631290027447,0.6302018824659693,0.6308017212950799,0.6315735513162379,0.9886363636363636,0.9883495145631068,0.9814814814814815,0.8714285714285714,0.9803921568627451,0.8738738738738738,nan,nan,nan,nan,13,11
0.08439382332760621,0.9669117647058824,0.708967057682027,0.7129277854927938,0.7070866082889808,0.972972972972973,0.9911816578483245,1.0,0.8405797101449275,0.9769585253456221,0.875,nan,nan,nan,nan,14,11
0.4047552157725607,0.8637602179836512,0.5316955944633007,0.5335435114044398,0.6140189453737765,0.9777777777777777,0.9809523809523809,0.9803921568627451,1.0,nan,nan,nan,nan,0.7620481927710844,0.825,0,12
0.3756680422595569,0.8711433756805808,0.6106235185173469,0.6058181482204098,0.6778531226535661,0.9807692307692307,1.0,0.984,0.8571428571428571,nan,nan,nan,nan,0.802547770700637,0.7983651226158038,1,12
0.372532514163426,0.8650865998176845,0.5960533541575253,0.589966540607231,0.6961874931400487,1.0,0.9894736842105263,0.9669421487603306,1.0,nan,nan,nan,nan,0.8,0.8130841121495327,2,12
0.05503452558663081,0.9818181818181818,0.9263400134433174,0.9159254559430793,0.9399019955002843,nan,nan,nan,nan,0.9875389408099688,1.0,0.9620253164556962,0.9898477157360406,0.9,0.8,3,12
0.05511034059930931,0.9826589595375722,0.9339289386420878,0.9563236119316301,0.9174764401043279,nan,nan,nan,nan,0.9865319865319865,0.9375,0.9841269841269841,0.9966996699669967,0.8857142857142857,0.7142857142857143,4,12
0.06434327908826878,0.9810606060606061,0.9304314985256742,0.9380192640468912,0.9234039168202802,nan,nan,nan,nan,0.9967213114754099,0.8571428571428571,0.9696969696969697,0.9868852459016394,0.9473684210526315,0.782608695652174,5,12
0.08540414197539742,0.9760536398467433,0.914473104092716,0.9397948865578557,0.8925539326251783,nan,nan,nan,nan,0.9832214765100671,0.8823529411764706,0.9344262295081968,0.9951377633711507,0.8518518518518519,0.7083333333333334,6,12
0.09234332036276376,0.9753086419753086,0.9235104930117718,0.9245840542631787,0.9260503407761284,nan,nan,nan,nan,0.9935483870967742,1.0,0.9710144927536232,0.9864176570458404,0.8780487804878049,0.7272727272727273,7,12
1.2757741736643242,0.6308724832214765,0.35911205187115225,0.43807865133232776,0.4060144574636791,nan,nan,nan,nan,0.9695945945945946,0.75,0.23943661971830985,0.4934210526315789,0.8,0.8076923076923077,8,12
0.06078838290308009,0.9799618320610687,0.9185993193111731,0.9281473647066695,0.9159291068401161,nan,nan,nan,nan,0.9899328859060402,0.9285714285714286,1.0,0.9950738916256158,0.7941176470588235,0.7878787878787878,9,12
0.11421045263790909,0.9705882352941176,0.7120217329659981,0.7123258858386589,0.7146151123441151,1.0,0.985480943738657,1.0,0.859375,0.9795918367346939,0.8924731182795699,nan,nan,nan,nan,10,12
0.10525588630972539,0.9703703703703703,0.7129028554010619,0.7133361265382685,0.7140780033372592,0.9777777777777777,0.9900990099009901,0.9565217391304348,0.8985507246376812,0.9798387096774194,0.9098360655737705,nan,nan,nan,nan,11,12
1.0065026215144566,0.708029197080292,0.36455296874293747,0.5557362959500193,0.3331202302702926,0.46153846153846156,0.7210626185958254,0.19696969696969696,0.08695652173913043,0.9921259842519685,0.8725490196078431,nan,nan,nan,nan,12,12
0.09845859904640487,0.9670631290027447,0.6329701109491189,0.6356580696485842,0.6318978129197687,0.9886363636363636,0.9902912621359223,0.9814814814814815,0.8571428571428571,0.9686274509803922,0.9009009009009009,nan,nan,nan,nan,13,12
0.07874214267084266,0.9733455882352942,0.6375836061150849,0.6411480949319134,0.6355607745925131,0.9864864864864865,0.9929453262786596,1.0,0.8405797101449275,0.9769585253456221,0.9230769230769231,nan,nan,nan,nan,14,12
0.4161693926368441,0.8546775658492279,0.5294298908264043,0.5326490986135587,0.611577964519141,0.9777777777777777,0.9904761904761905,0.9803921568627451,1.0,nan,nan,nan,nan,0.75,0.8055555555555556,0,13
0.38463259765080043,0.867513611615245,0.6127084787593656,0.6086566193333817,0.676433235116469,0.9807692307692307,1.0,0.984,0.8571428571428571,nan,nan,nan,nan,0.7993630573248408,0.7901907356948229,1,13
0.38454142936638425,0.8605287146763901,0.5955693989374982,0.590823025230726,0.694332194549838,1.0,0.9894736842105263,0.9669421487603306,1.0,nan,nan,nan,nan,0.7898305084745763,0.8084112149532711,2,13
0.05266979425284786,0.9808612440191388,0.9305766757663522,0.9157918146087517,0.9502118879155897,nan,nan,nan,nan,0.9844236760124611,1.0,0.9620253164556962,0.988155668358714,0.9,0.8666666666666667,3,13
0.05207686766163644,0.9826589595375722,0.9339289386420878,0.9563236119316301,0.9174764401043279,nan,nan,nan,nan,0.9865319865319865,0.9375,0.9841269841269841,0.9966996699669967,0.8857142857142857,0.7142857142857143,4,13
0.06119415418167288,0.9810606060606061,0.9304314985256742,0.9380192640468912,0.9234039168202802,nan,nan,nan,nan,0.9967213114754099,0.8571428571428571,0.9696969696969697,0.9868852459016394,0.9473684210526315,0.782608695652174,5,13
0.08421344290642689,0.9760536398467433,0.914473104092716,0.9397948865578557,0.8925539326251783,nan,nan,nan,nan,0.9832214765100671,0.8823529411764706,0.9344262295081968,0.9951377633711507,0.8518518518518519,0.7083333333333334,6,13
0.08843477618277328,0.9753086419753086,0.9235104930117718,0.9245840542631787,0.9260503407761284,nan,nan,nan,nan,0.9935483870967742,1.0,0.9710144927536232,0.9864176570458404,0.8780487804878049,0.7272727272727273,7,13
1.2270424365997314,0.6519654841802492,0.3725535180696471,0.4426538326035375,0.4183720815244166,nan,nan,nan,nan,0.9797297297297297,0.8333333333333334,0.28169014084507044,0.5197368421052632,0.8,0.7692307692307693,8,13
0.05752035861863106,0.9818702290076335,0.9252788289990598,0.931116633161889,0.9260301169411261,nan,nan,nan,nan,0.9899328859060402,0.9285714285714286,1.0,0.9950738916256158,0.7941176470588235,0.8484848484848485,9,13
0.11144145834259689,0.9705882352941176,0.7120217329659981,0.7123258858386589,0.7146151123441151,1.0,0.985480943738657,1.0,0.859375,0.9795918367346939,0.8924731182795699,nan,nan,nan,nan,10,13
0.10232662673875251,0.9703703703703703,0.7129028554010619,0.7133361265382685,0.7140780033372592,0.9777777777777777,0.9900990099009901,0.9565217391304348,0.8985507246376812,0.9798387096774194,0.9098360655737705,nan,nan,nan,nan,11,13
0.9438152236597879,0.7290145985401459,0.37864458067990503,0.5579636507171211,0.34460589280784854,0.5,0.7533206831119544,0.21212121212121213,0.11594202898550725,0.9921259842519685,0.8725490196078431,nan,nan,nan,nan,12,13
0.09531243908485132,0.970722781335773,0.6341908124141473,0.6357196834097305,0.6342060034632533,0.9886363636363636,0.9902912621359223,0.9814814814814815,0.8571428571428571,0.9803921568627451,0.9099099099099099,nan,nan,nan,nan,13,13
0.07409430309609674,0.9715073529411765,0.6341243345359414,0.6388125474728807,0.6314592210058338,0.9864864864864865,0.9929453262786596,0.9824561403508771,0.8115942028985508,0.9769585253456221,0.9326923076923077,nan,nan,nan,nan,14,13
0.3931151832853045,0.8692098092643051,0.5333819730992889,0.5341446107389377,0.6165682962162999,0.9777777777777777,0.9904761904761905,0.9803921568627451,1.0,nan,nan,nan,nan,0.7560240963855421,0.8444444444444444,0,14
0.3621195167303085,0.8802177858439202,0.6163588452815555,0.6108193661628315,0.6815334971828013,0.9807692307692307,1.0,0.988,0.8571428571428571,nan,nan,nan,nan,0.8089171974522293,0.8174386920980926,1,14
0.3570469517792974,0.8723792160437557,0.5971046505387958,0.590857052654857,0.6983922689993866,1.0,0.9894736842105263,0.9669421487603306,1.0,nan,nan,nan,nan,0.7966101694915254,0.8341121495327103,2,14
0.050883365608046224,0.9827751196172249,0.9323156415840218,0.9168565149178461,0.9526036004531612,nan,nan,nan,nan,0.9844236760124611,1.0,0.9746835443037974,0.9898477157360406,0.9,0.8666666666666667,3,14
0.04916175010977454,0.9836223506743738,0.9414814815441988,0.9621446903630027,0.9254129480408358,nan,nan,nan,nan,0.9865319865319865,0.9375,0.9841269841269841,0.9966996699669967,0.8857142857142857,0.7619047619047619,4,14
0.05839009189477303,0.9839015151515151,0.9400904366309093,0.9549868002128833,0.9264756174329646,nan,nan,nan,nan,0.9967213114754099,0.8571428571428571,0.9848484848484849,0.9901639344262295,0.9473684210526315,0.782608695652174,5,14
0.08314649419943718,0.9760536398467433,0.914473104092716,0.9397948865578557,0.8925539326251783,nan,nan,nan,nan,0.9832214765100671,0.8823529411764706,0.9344262295081968,0.9951377633711507,0.8518518518518519,0.7083333333333334,6,14
0.08479326490619728,0.9772079772079773,0.9261040549776909,0.9296875510385649,0.9266162717325517,nan,nan,nan,nan,0.9935483870967742,1.0,0.9710144927536232,0.9898132427843803,0.8780487804878049,0.7272727272727273,7,14
1.2020399570465088,0.6644295302013423,0.38115070782293003,0.4448061619634003,0.43125880249582993,nan,nan,nan,nan,0.972972972972973,0.8333333333333334,0.323943661971831,0.5361842105263158,0.8,0.8461538461538461,8,14
0.05465447492050854,0.9847328244274809,0.9403930854630792,0.9482076011316368,0.9361077111972192,nan,nan,nan,nan,0.9899328859060402,0.9285714285714286,1.0,0.9967159277504105,0.8529411764705882,0.8484848484848485,9,14
0.10553804029683199,0.9696691176470589,0.711760819131201,0.7123237247044956,0.7141049082624824,1.0,0.985480943738657,1.0,0.859375,0.9755102040816327,0.8924731182795699,nan,nan,nan,nan,10,14
0.09922619103727971,0.9712962962962963,0.7141615122070479,0.7153327624773222,0.7143255280897345,0.9777777777777777,0.9920792079207921,0.9565217391304348,0.8985507246376812,0.9798387096774194,0.9098360655737705,nan,nan,nan,nan,11,14
0.9136360747473581,0.739963503649635,0.40455790458192303,0.5616484959572154,0.3635760901709178,0.5512820512820513,0.7495256166982922,0.25757575757575757,0.2028985507246377,0.9921259842519685,0.8823529411764706,nan,nan,nan,nan,12,14
0.08918901190959981,0.9734675205855444,0.6412423066884786,0.6425705444159147,0.6406847511184716,0.9886363636363636,0.9902912621359223,0.9814814814814815,0.9142857142857143,0.9725490196078431,0.918918918918919,nan,nan,nan,nan,13,14
0.06992944767904084,0.9715073529411765,0.6346263598581284,0.638608792299832,0.6320011508955897,0.9864864864864865,0.9929453262786596,0.9824561403508771,0.8260869565217391,0.9769585253456221,0.9230769230769231,nan,nan,nan,nan,14,14
0.3524730209793363,0.8900999091734787,0.5398878457711818,0.5377758076779762,0.6239794222017232,0.9777777777777777,0.9904761904761905,0.9803921568627451,1.0,nan,nan,nan,nan,0.7921686746987951,0.875,0,15
0.32424571365118027,0.8992740471869328,0.6254215437557351,0.6163778392694459,0.689433452058797,0.9807692307692307,1.0,0.988,0.8571428571428571,nan,nan,nan,nan,0.8503184713375797,0.8392370572207084,1,15
0.3182923914066383,0.8906107566089334,0.6039111541921314,0.5939388296437605,0.7056817906214363,1.0,0.9894736842105263,0.9669421487603306,1.0,nan,nan,nan,nan,0.8338983050847457,0.8551401869158879,2,15
0.05038982733844243,0.9837320574162679,0.9384531587750717,0.9199976299294033,0.9637147115642722,nan,nan,nan,nan,0.9844236760124611,1.0,0.9746835443037974,0.9898477157360406,0.9,0.9333333333333333,3,15
0.047659930906251466,0.9845857418111753,0.9418929041011492,0.9626877235411468,0.9256879755435862,nan,nan,nan,nan,0.9865319865319865,0.9375,0.9841269841269841,0.9983498349834984,0.8857142857142857,0.7619047619047619,4,15
0.05498619110916148,0.9820075757575758,0.9365115311286107,0.9482013082114307,0.925655945301817,nan,nan,nan,nan,0.9934426229508196,0.8571428571428571,0.9848484848484849,0.9885245901639345,0.9473684210526315,0.782608695652174,5,15
0.08114948225645066,0.9779693486590039,0.9256807681529787,0.9482650571321506,0.9056712165757957,nan,nan,nan,nan,0.9832214765100671,0.8823529411764706,0.9344262295081968,0.9951377633711507,0.8888888888888888,0.75,6,15
0.08047552784696702,0.9753086419753086,0.9154707582725551,0.9148900061568727,0.9222682656039335,nan,nan,nan,nan,0.9935483870967742,1.0,0.9710144927536232,0.9881154499151104,0.8536585365853658,0.7272727272727273,7,15
1.1762898564338684,0.673058485139022,0.38081995312003214,0.4404169731698522,0.4294958631865599,nan,nan,nan,nan,0.972972972972973,0.75,0.3380281690140845,0.5493421052631579,0.8,0.8846153846153846,8,15
0.051936539891881475,0.9856870229007634,0.9434137525249181,0.9489830687326398,0.9411582162477243,nan,nan,nan,nan,0.9899328859060402,0.9285714285714286,1.0,0.9967159277504105,0.8529411764705882,0.8787878787878788,9,15
0.10539649437893839,0.9696691176470589,0.711760819131201,0.7123237247044956,0.7141049082624824,1.0,0.985480943738657,1.0,0.859375,0.9755102040816327,0.8924731182795699,nan,nan,nan,nan,10,15
0.09913197881542146,0.9712962962962963,0.7132918006146343,0.7134697817080915,0.7143255280897345,0.9777777777777777,0.9920792079207921,0.9565217391304348,0.8985507246376812,0.9798387096774194,0.9098360655737705,nan,nan,nan,nan,11,15
0.8700924064431872,0.7545620437956204,0.4177070632931673,0.5628774129681571,0.37443278016299264,0.5512820512820513,0.7685009487666035,0.3181818181818182,0.2318840579710145,0.9921259842519685,0.8823529411764706,nan,nan,nan,nan,12,15
0.0872293383016118,0.9716376944190301,0.5760721808005007,0.5776198498496152,0.5753232182429784,0.9886363636363636,0.9902912621359223,0.9814814814814815,0.9142857142857143,0.9686274509803922,0.9099099099099099,nan,nan,nan,nan,13,15
0.0702438602456823,0.9696691176470589,0.6333594566759273,0.6386553491562771,0.6298643987588376,0.9864864864864865,0.9929453262786596,0.9824561403508771,0.8260869565217391,0.9769585253456221,0.9038461538461539,nan,nan,nan,nan,14,15
0.3551662870815822,0.888283378746594,0.5408177925688078,0.5393401504677771,0.6233881682972162,0.9777777777777777,0.9904761904761905,0.9803921568627451,1.0,nan,nan,nan,nan,0.7951807228915663,0.8666666666666667,0,16
0.3279004247060844,0.8983666061705989,0.6235761114046428,0.6134198783250768,0.6891503423206897,0.9807692307692307,1.0,0.988,0.8571428571428571,nan,nan,nan,nan,0.8535031847133758,0.8337874659400545,1,16
0.3212554989116532,0.8887876025524157,0.6038740752969984,0.5943832208975119,0.7050976784719036,1.0,0.9894736842105263,0.9669421487603306,1.0,nan,nan,nan,nan,0.8338983050847457,0.8504672897196262,2,16
0.047945665255555825,0.9846889952153111,0.9426379664704303,0.9261460430860927,0.9642339223638569,nan,nan,nan,nan,0.9875389408099688,1.0,0.9746835443037974,0.9898477157360406,0.9,0.9333333333333333,3,16
0.0461467816591418,0.9855491329479769,0.9453146837290153,0.9593845515788036,0.9361046422102528,nan,nan,nan,nan,0.9865319865319865,1.0,0.9841269841269841,0.9983498349834984,0.8857142857142857,0.7619047619047619,4,16
0.053333792439485536,0.9839015151515151,0.9478740390891285,0.9512258218285887,0.9448070840181731,nan,nan,nan,nan,0.9934426229508196,0.9285714285714286,0.9848484848484849,0.9885245901639345,0.9473684210526315,0.8260869565217391,5,16
0.07870833291566338,0.9770114942528736,0.7933242372810394,0.8127963869765642,0.7760580791302606,nan,nan,nan,nan,0.9832214765100671,0.8823529411764706,0.9344262295081968,0.993517017828201,0.8888888888888888,0.75,6,16
0.07683506029548659,0.9791073124406457,0.9330091080633341,0.9325567280304089,0.9367172818335617,nan,nan,nan,nan,0.9935483870967742,1.0,0.9710144927536232,0.9898132427843803,0.8780487804878049,0.7878787878787878,7,16
1.1176466779275374,0.6951102588686481,0.39978371202934493,0.44625220929267045,0.4464737765506853,nan,nan,nan,nan,0.972972972972973,0.8333333333333334,0.43661971830985913,0.5756578947368421,0.8,0.8461538461538461,8,16
0.04815726037927424,0.9866412213740458,0.9460194218741184,0.9538663814186638,0.9417175003640555,nan,nan,nan,nan,0.9932885906040269,0.9285714285714286,1.0,0.9967159277504105,0.8529411764705882,0.8787878787878788,9,16
0.10448174855863566,0.9696691176470589,0.632776463054155,0.6333786562667841,0.6347599184555399,1.0,0.985480943738657,1.0,0.859375,0.9755102040816327,0.8924731182795699,nan,nan,nan,nan,10,16
0.0965770078028607,0.9722222222222222,0.7136718075518655,0.7137239672370926,0.714829560347799,0.9777777777777777,0.9920792079207921,0.9565217391304348,0.8985507246376812,0.9838709677419355,0.9098360655737705,nan,nan,nan,nan,11,16
0.8032960951328277,0.7746350364963503,0.43142244221837406,0.5664883120745735,0.38668655229631266,0.5769230769230769,0.7969639468690702,0.3333333333333333,0.2753623188405797,0.9921259842519685,0.8921568627450981,nan,nan,nan,nan,12,16
0.08477171078058225,0.9725526075022873,0.5762741140373027,0.5776246307261091,0.5757153751057235,0.9886363636363636,0.9902912621359223,0.9814814814814815,0.9142857142857143,0.9725490196078431,0.9099099099099099,nan,nan,nan,nan,13,16
0.06710221864598091,0.9715073529411765,0.6344101338445189,0.6376514441140889,0.6328820925660051,0.9864864864864865,0.9929453262786596,1.0,0.8260869565217391,0.9769585253456221,0.9134615384615384,nan,nan,nan,nan,14,16
0.37554629125765393,0.8846503178928247,0.5391235719152774,0.5378453812412823,0.6220494802115402,0.9777777777777777,0.9904761904761905,0.9803921568627451,1.0,nan,nan,nan,nan,0.7831325301204819,0.8666666666666667,0,17
0.34714966054473606,0.8929219600725953,0.6202089680741807,0.6122147111532785,0.6868192970057763,0.9807692307692307,1.0,0.988,0.8571428571428571,nan,nan,nan,nan,0.8375796178343949,0.8310626702997275,1,17
0.3327412741524833,0.886964448495898,0.601737830397012,0.5934432273851434,0.7039868753671991,1.0,0.9894736842105263,0.9669421487603306,1.0,nan,nan,nan,nan,0.8203389830508474,0.8551401869158879,2,17
0.0479643360753967,0.9846889952153111,0.9426379664704303,0.9261460430860927,0.9642339223638569,nan,nan,nan,nan,0.9875389408099688,1.0,0.9746835443037974,0.9898477157360406,0.9,0.9333333333333333,3,17
0.04594705119917776,0.9855491329479769,0.9489653970101842,0.959540579383425,0.9405915194694073,nan,nan,nan,nan,0.9865319865319865,1.0,0.9841269841269841,0.9966996699669967,0.9142857142857143,0.7619047619047619,4,17
0.05233074792318582,0.9839015151515151,0.9478816040668999,0.951000226898498,0.9450803080618889,nan,nan,nan,nan,0.9967213114754099,0.9285714285714286,0.9848484848484849,0.9868852459016394,0.9473684210526315,0.8260869565217391,5,17
0.07807488994457702,0.9760536398467433,0.7929754748477169,0.8123367212081348,0.7758265440526964,nan,nan,nan,nan,0.9832214765100671,0.8823529411764706,0.9344262295081968,0.9918962722852512,0.8888888888888888,0.75,6,17
0.07490658239442961,0.9781576448243114,0.9307827225473676,0.9281869899266346,0.9364343163553501,nan,nan,nan,nan,0.9935483870967742,1.0,0.9710144927536232,0.9881154499151104,0.8780487804878049,0.7878787878787878,7,17
1.0465169097438003,0.7123681687440077,0.4038933096762026,0.44761521355724254,0.4497810311737294,nan,nan,nan,nan,0.9797297297297297,0.8333333333333334,0.43661971830985913,0.6019736842105263,0.8,0.8461538461538461,8,17
0.04577770266879463,0.9875954198473282,0.9486979217728763,0.9590744422802936,0.9422767844803865,nan,nan,nan,nan,0.9966442953020134,0.9285714285714286,1.0,0.9967159277504105,0.8529411764705882,0.8787878787878788,9,17
0.09799830092678723,0.9715073529411765,0.6338746090371736,0.6347557843497599,0.6354150867539542,1.0,0.9872958257713249,1.0,0.859375,0.9795918367346939,0.8924731182795699,nan,nan,nan,nan,10,17
0.09090258854249601,0.975,0.716935691001845,0.7159766071751676,0.7186903348785664,0.9777777777777777,0.9920792079207921,0.9565217391304348,0.9130434782608695,0.9838709677419355,0.9262295081967213,nan,nan,nan,nan,11,17
0.8077960423060826,0.7773722627737226,0.43560446873165815,0.5598021830253074,0.39093303045583433,0.5897435897435898,0.7969639468690702,0.3484848484848485,0.2898550724637681,0.9921259842519685,0.8921568627450981,nan,nan,nan,nan,12,17
0.07960915092511901,0.9743824336688015,0.5768361091351197,0.5777781399680004,0.5764996888312137,0.9886363636363636,0.9902912621359223,0.9814814814814815,0.9142857142857143,0.9803921568627451,0.9099099099099099,nan,nan,nan,nan,13,17
0.061629408355870774,0.9761029411764706,0.6393081934688757,0.6437118549474347,0.6361401353083261,0.9864864864864865,0.9964726631393298,0.9824561403508771,0.8405797101449275,0.9769585253456221,0.9423076923076923,nan,nan,nan,nan,14,17
0.3552830672689847,0.8910081743869209,0.5430289921712247,0.5399530034739157,0.6242880641770319,0.9777777777777777,0.9904761904761905,0.9803921568627451,1.0,nan,nan,nan,nan,0.7921686746987951,0.8777777777777778,0,18
0.3294711830360549,0.8992740471869328,0.6225122856669169,0.6125065580091464,0.6891590720799705,0.9807692307692307,1.0,0.984,0.8571428571428571,nan,nan,nan,nan,0.8439490445859873,0.8474114441416893,1,18
0.31337679220097403,0.8997265268915223,0.541902947019596,0.5305155124632064,0.6301028416414984,1.0,0.9894736842105263,0.9669421487603306,1.0,nan,nan,nan,nan,0.8406779661016949,0.8738317757009346,2,18
0.046392760084321104,0.9846889952153111,0.9426379664704303,0.9261460430860927,0.9642339223638569,nan,nan,nan,nan,0.9875389408099688,1.0,0.9746835443037974,0.9898477157360406,0.9,0.9333333333333333,3,18
0.045472346871092945,0.98747591522158,0.959061737931686,0.9743968064807644,0.9488030549086655,nan,nan,nan,nan,0.9865319865319865,1.0,0.9841269841269841,0.9983498349834984,0.9142857142857143,0.8095238095238095,4,18
0.05222053702075782,0.9829545454545454,0.9365563411685497,0.9314237648523013,0.9422818314929206,nan,nan,nan,nan,0.9934426229508196,0.9285714285714286,0.9696969696969697,0.9885245901639345,0.9473684210526315,0.8260869565217391,5,18
0.07757137271674407,0.9770114942528736,0.7909545031590669,0.8074594440428532,0.7760580791302606,nan,nan,nan,nan,0.9832214765100671,0.8823529411764706,0.9344262295081968,0.993517017828201,0.8888888888888888,0.75,6,18
0.0732399670488314,0.9781576448243114,0.9245669946212206,0.9223583428320237,0.9326522411831553,nan,nan,nan,nan,0.9935483870967742,1.0,0.9710144927536232,0.9898132427843803,0.8536585365853658,0.7878787878787878,7,18
0.9958658697027148,0.7248322147651006,0.40722111765205343,0.4475396123272467,0.45281643778122643,nan,nan,nan,nan,0.972972972972973,0.8333333333333334,0.4507042253521127,0.625,0.8,0.8461538461538461,8,18
0.04612890237794173,0.9875954198473282,0.9486979217728763,0.9590744422802936,0.9422767844803865,nan,nan,nan,nan,0.9966442953020134,0.9285714285714286,1.0,0.9967159277504105,0.8529411764705882,0.8787878787878788,9,18
0.09626403971410849,0.9724264705882353,0.6355855636893045,0.6360507856447611,0.6371511978650654,1.0,0.9872958257713249,1.0,0.875,0.9795918367346939,0.8924731182795699,nan,nan,nan,nan,10,18
0.09077341703917174,0.9740740740740741,0.716679076271546,0.7159704355547469,0.7181863026205019,0.9777777777777777,0.9920792079207921,0.9565217391304348,0.9130434782608695,0.9798387096774194,0.9262295081967213,nan,nan,nan,nan,11,18
0.7624054866177695,0.7892335766423357,0.4490657696563597,0.5574417770993778,0.4043288786778481,0.6153846153846154,0.8064516129032258,0.3787878787878788,0.36231884057971014,0.9881889763779528,0.8921568627450981,nan,nan,nan,nan,12,18
0.07881874453409442,0.9752973467520586,0.5790364011167017,0.5814468911091202,0.5770046255211876,0.9886363636363636,0.9941747572815534,0.9814814814814815,0.9142857142857143,0.9725490196078431,0.918918918918919,nan,nan,nan,nan,13,18
0.06122209121616941,0.9751838235294118,0.6396421578602293,0.6453406905926637,0.6350717592399501,0.9864864864864865,0.9964726631393298,0.9824561403508771,0.8405797101449275,0.9769585253456221,0.9326923076923077,nan,nan,nan,nan,14,18
0.3365397135061877,0.8982742960944596,0.5425537093737198,0.5397466970241136,0.6267602623378669,0.9777777777777777,0.9904761904761905,0.9764705882352941,1.0,nan,nan,nan,nan,0.8072289156626506,0.8888888888888888,0,19
0.3057213821581432,0.9074410163339383,0.6249073469052632,0.6133808852642338,0.6924988471541649,0.9807692307692307,1.0,0.988,0.8571428571428571,nan,nan,nan,nan,0.8503184713375797,0.8637602179836512,1,19
0.28900371720748286,0.9088422971741112,0.5381242567454227,0.5258814226280397,0.6330500229428696,1.0,0.9894736842105263,0.9669421487603306,1.0,nan,nan,nan,nan,0.8508474576271187,0.8901869158878505,2,19
0.0491156424007689,0.9837320574162679,0.9422402250867946,0.9256370905293673,0.9639519144676356,nan,nan,nan,nan,0.9875389408099688,1.0,0.9746835443037974,0.988155668358714,0.9,0.9333333333333333,3,19
0.043889081842445936,0.98747591522158,0.959061737931686,0.9743968064807644,0.9488030549086655,nan,nan,nan,nan,0.9865319865319865,1.0,0.9841269841269841,0.9983498349834984,0.9142857142857143,0.8095238095238095,4,19
0.05398780961298722,0.9810606060606061,0.9315704266547055,0.928876077220893,0.9347622306376104,nan,nan,nan,nan,0.9934426229508196,0.9285714285714286,0.9696969696969697,0.9868852459016394,0.9473684210526315,0.782608695652174,5,19
0.07773387192873722,0.9760536398467433,0.7906057392089337,0.8070001456636048,0.7758265440526964,nan,nan,nan,nan,0.9832214765100671,0.8823529411764706,0.9344262295081968,0.9918962722852512,0.8888888888888888,0.75,6,19
0.07318191375187863,0.9781576448243114,0.9307827225473676,0.9281869899266346,0.9364343163553501,nan,nan,nan,nan,0.9935483870967742,1.0,0.9710144927536232,0.9881154499151104,0.8780487804878049,0.7878787878787878,7,19
1.008569350748351,0.725790987535954,0.41515275228945425,0.45269575917515487,0.46056788684105215,nan,nan,nan,nan,0.9763513513513513,0.8333333333333334,0.49295774647887325,0.618421052631579,0.8,0.8846153846153846,8,19
0.04416297965287937,0.9875954198473282,0.9486979217728763,0.9590744422802936,0.9422767844803865,nan,nan,nan,nan,0.9966442953020134,0.9285714285714286,1.0,0.9967159277504105,0.8529411764705882,0.8787878787878788,9,19
0.09113253692082841,0.9751838235294118,0.6398862832938309,0.6419364160301588,0.6394904765046611,1.0,0.9909255898366606,1.0,0.875,0.9755102040816327,0.9139784946236559,nan,nan,nan,nan,10,19
0.09164426475078524,0.975,0.7197098971366374,0.7184728674660723,0.7219547483640945,0.9777777777777777,0.994059405940594,0.9782608695652174,0.927536231884058,0.9717741935483871,0.9262295081967213,nan,nan,nan,nan,11,19
0.7619349130562374,0.791058394160584,0.4466451486919916,0.5597550826927583,0.4021956602441633,0.6153846153846154,0.8121442125237192,0.3333333333333333,0.37681159420289856,0.9921259842519685,0.8921568627450981,nan,nan,nan,nan,12,19
0.07592664242755355,0.9752973467520586,0.5779581481045843,0.5789929897659963,0.5775133695593433,0.9886363636363636,0.9941747572815534,0.9814814814814815,0.9142857142857143,0.9686274509803922,0.9279279279279279,nan,nan,nan,nan,13,19
0.06072074078324744,0.9779411764705882,0.6433183838185244,0.6464523494851763,0.6407836187847615,0.9864864864864865,0.9964726631393298,1.0,0.8840579710144928,0.9769585253456221,0.9230769230769231,nan,nan,nan,nan,14,19
0.3463158688374928,0.8982742960944596,0.5430011311810023,0.5398057442033215,0.6267342322917565,0.9777777777777777,0.9904761904761905,0.9764705882352941,1.0,nan,nan,nan,nan,0.8042168674698795,0.8916666666666667,0,20
0.31236949850405965,0.911978221415608,0.6283045857423131,0.6164756084287643,0.6943743135801701,0.9807692307692307,1.0,0.988,0.8571428571428571,nan,nan,nan,nan,0.8598726114649682,0.8692098092643051,1,20
0.2927414034626314,0.9070191431175935,0.5389296761538405,0.5264031216537279,0.6324137697088023,1.0,0.9894736842105263,0.9669421487603306,1.0,nan,nan,nan,nan,0.847457627118644,0.8878504672897196,2,20
0.04707926103428966,0.9846889952153111,0.9426379664704303,0.9261460430860927,0.9642339223638569,nan,nan,nan,nan,0.9875389408099688,1.0,0.9746835443037974,0.9898477157360406,0.9,0.9333333333333333,3,20
0.04251227374819185,0.9865125240847784,0.9527019896237837,0.9682569768115231,0.9408665469721575,nan,nan,nan,nan,0.9865319865319865,1.0,0.9841269841269841,0.9983498349834984,0.9142857142857143,0.7619047619047619,4,20
0.05367878417503865,0.9820075757575758,0.9346072832031728,0.9348053885847721,0.9350354546813263,nan,nan,nan,nan,0.9934426229508196,0.9285714285714286,0.9696969696969697,0.9885245901639345,0.9473684210526315,0.782608695652174,5,20
0.07536579130365598,0.9779693486590039,0.7924250312527822,0.8080710001675896,0.7783999995049679,nan,nan,nan,nan,0.9832214765100671,0.8823529411764706,0.9508196721311475,0.993517017828201,0.8888888888888888,0.75,6,20
0.07141975674990549,0.9791073124406457,0.9330091080633341,0.9325567280304089,0.9367172818335617,nan,nan,nan,nan,0.9935483870967742,1.0,0.9710144927536232,0.9898132427843803,0.8780487804878049,0.7878787878787878,7,20
1.002124477516521,0.7334611697027804,0.4177754628275509,0.4528648496435611,0.46330101748837843,nan,nan,nan,nan,0.9797297297297297,0.8333333333333334,0.5070422535211268,0.6282894736842105,0.8,0.8846153846153846,8,20
0.042910285336388784,0.9885496183206107,0.9516450434127152,0.9593467690365096,0.9471787452647004,nan,nan,nan,nan,0.9966442953020134,0.9285714285714286,1.0,0.9967159277504105,0.8823529411764706,0.8787878787878788,9,20
0.08816696635296788,0.9751838235294118,0.6386862290893072,0.6393944113371808,0.6397423376847047,1.0,0.9891107078039928,1.0,0.875,0.9795918367346939,0.9139784946236559,nan,nan,nan,nan,10,20
0.09155035975580926,0.9768518518518519,0.7205175472514146,0.7185215932156555,0.7234833707860935,0.9777777777777777,0.994059405940594,0.9782608695652174,0.927536231884058,0.9758064516129032,0.9344262295081968,nan,nan,nan,nan,11,20
0.7853853787694659,0.791970802919708,0.45193249927918266,0.559892911010558,0.40702442902987024,0.6666666666666666,0.8045540796963947,0.3484848484848485,0.36231884057971014,0.9960629921259843,0.8921568627450981,nan,nan,nan,nan,12,20
0.07477414648580764,0.9762122598353157,0.5784453685222347,0.5794588621655559,0.5779055264220884,0.9886363636363636,0.9941747572815534,0.9814814814814815,0.9142857142857143,0.9725490196078431,0.9279279279279279,nan,nan,nan,nan,13,20
0.058747074963963204,0.9761029411764706,0.640255743259179,0.6438794730605975,0.637223995087838,0.9864864864864865,0.9964726631393298,0.9824561403508771,0.8695652173913043,0.9769585253456221,0.9230769230769231,nan,nan,nan,nan,14,20
0.3260552334998335,0.9037238873751136,0.5438833510436959,0.5402000249524697,0.628765232108015,0.9777777777777777,0.9904761904761905,0.9803921568627451,1.0,nan,nan,nan,nan,0.8102409638554217,0.9,0,21
0.29962121360003946,0.9128856624319419,0.6246841872858783,0.6131669731052223,0.6945424438844101,0.9807692307692307,1.0,0.988,0.8571428571428571,nan,nan,nan,nan,0.8503184713375797,0.8801089918256131,1,21
0.27136453219822476,0.9161349134001823,0.6084599539344504,0.5945266632766193,0.7147421972597126,1.0,0.9894736842105263,0.9710743801652892,1.0,nan,nan,nan,nan,0.8508474576271187,0.9065420560747663,2,21
0.04523119522667857,0.9846889952153111,0.9426379664704303,0.9261460430860927,0.9642339223638569,nan,nan,nan,nan,0.9875389408099688,1.0,0.9746835443037974,0.9898477157360406,0.9,0.9333333333333333,3,21
0.04346148395592481,0.98747591522158,0.959061737931686,0.9743968064807644,0.9488030549086655,nan,nan,nan,nan,0.9865319865319865,1.0,0.9841269841269841,0.9983498349834984,0.9142857142857143,0.8095238095238095,4,21
0.05469011399955806,0.9829545454545454,0.9350102404890461,0.9353229660047843,0.9353086787250421,nan,nan,nan,nan,0.9934426229508196,0.9285714285714286,0.9696969696969697,0.9901639344262295,0.9473684210526315,0.782608695652174,5,21
0.07697471905064021,0.9779693486590039,0.7924250312527822,0.8080710001675896,0.7783999995049679,nan,nan,nan,nan,0.9832214765100671,0.8823529411764706,0.9508196721311475,0.993517017828201,0.8888888888888888,0.75,6,21
0.07368059057195998,0.9781576448243114,0.9245669946212206,0.9223583428320237,0.9326522411831553,nan,nan,nan,nan,0.9935483870967742,1.0,0.9710144927536232,0.9898132427843803,0.8536585365853658,0.7878787878787878,7,21
1.0106380852785977,0.7315436241610739,0.4186110165087424,0.4541390135122955,0.4629720701199574,nan,nan,nan,nan,0.9797297297297297,0.8333333333333334,0.5070422535211268,0.625,0.8,0.8846153846153846,8,21
0.043768091111401605,0.9875954198473282,0.9486979217728763,0.9590744422802936,0.9422767844803865,nan,nan,nan,nan,0.9966442953020134,0.9285714285714286,1.0,0.9967159277504105,0.8529411764705882,0.8787878787878788,9,21
0.08727759765871965,0.9770220588235294,0.7220550703922053,0.7219921959726566,0.7233330360677437,1.0,0.9909255898366606,1.0,0.90625,0.9755102040816327,0.9139784946236559,nan,nan,nan,nan,10,21
0.0909474472008536,0.9768518518518519,0.7226744304774918,0.7203300884431567,0.7260984946757615,0.9777777777777777,0.994059405940594,0.9782608695652174,0.9565217391304348,0.967741935483871,0.9344262295081968,nan,nan,nan,nan,11,21
0.7394509289945875,0.8093065693430657,0.4582951851465803,0.5600983864620228,0.41546513443452254,0.6923076923076923,0.8330170777988615,0.3787878787878788,0.36231884057971014,0.9960629921259843,0.8921568627450981,nan,nan,nan,nan,12,21
0.07326746214613584,0.9780420860018298,0.5804300072448714,0.5821661197351082,0.5790006020802709,0.9886363636363636,0.996116504854369,0.9814814814814815,0.9142857142857143,0.9725490196078431,0.9369369369369369,nan,nan,nan,nan,13,21
0.057040691022206484,0.9779411764705882,0.6438924451724053,0.6452925134831253,0.6429657517523083,0.9864864864864865,0.9964726631393298,1.0,0.927536231884058,0.9723502304147466,0.9038461538461539,nan,nan,nan,nan,14,21
0.30831090046891146,0.9100817438692098,0.5498480365868864,0.543340180833439,0.6310819062118377,0.9777777777777777,0.9904761904761905,0.9803921568627451,1.0,nan,nan,nan,nan,0.8283132530120482,0.9027777777777778,0,22
0.2884614787729723,0.9183303085299456,0.6298032161582297,0.6178273269005651,0.696975400027349,0.9807692307692307,1.0,0.992,0.8571428571428571,nan,nan,nan,nan,0.8630573248407644,0.8828337874659401,1,22
0.2649715607719762,0.9206927985414768,0.6147003508131836,0.5977103461604439,0.7169925140663022,1.0,0.9894736842105263,0.9710743801652892,1.0,nan,nan,nan,nan,0.8711864406779661,0.9042056074766355,2,22
0.046346719534609074,0.9856459330143541,0.9468249946135883,0.932744601243554,0.9645159302600779,nan,nan,nan,nan,0.9875389408099688,1.0,0.9746835443037974,0.9915397631133672,0.9,0.9333333333333333,3,22
0.04182626062362088,0.9884393063583815,0.964829069669176,0.9746117959349047,0.9567395628451734,nan,nan,nan,nan,0.9865319865319865,1.0,0.9841269841269841,0.9983498349834984,0.9142857142857143,0.8571428571428571,4,22
0.054640370476673444,0.9839015151515151,0.9305307292023618,0.9303611785366815,0.9309235176755903,nan,nan,nan,nan,0.9934426229508196,0.8571428571428571,0.9696969696969697,0.9918032786885246,0.9473684210526315,0.8260869565217391,5,22
0.07627420728606397,0.9779693486590039,0.7937173384433841,0.8045112797216002,0.7841208453797845,nan,nan,nan,nan,0.9832214765100671,0.8823529411764706,0.9508196721311475,0.9918962722852512,0.8888888888888888,0.7916666666666666,6,22
0.06859599201509285,0.9791073124406457,0.9330091080633341,0.9325567280304089,0.9367172818335617,nan,nan,nan,nan,0.9935483870967742,1.0,0.9710144927536232,0.9898132427843803,0.8780487804878049,0.7878787878787878,7,22
1.0201875468095143,0.7325023969319271,0.42225959240310773,0.4543369750382422,0.4666951107105852,nan,nan,nan,nan,0.9763513513513513,0.8333333333333334,0.5492957746478874,0.6233552631578947,0.8,0.8846153846153846,8,22
0.041100341965141,0.9895038167938931,0.9520567589445769,0.9598886144585581,0.9474524179521661,nan,nan,nan,nan,0.9966442953020134,0.9285714285714286,1.0,0.9983579638752053,0.8823529411764706,0.8787878787878788,9,22
0.09235355288461398,0.9751838235294118,0.7189078813777361,0.7199854855777883,0.7194267860677437,1.0,0.9909255898366606,1.0,0.875,0.9755102040816327,0.9139784946236559,nan,nan,nan,nan,10,22
0.08835470369633507,0.975925925925926,0.7225641740210283,0.7229598313154463,0.7229793385280289,0.9777777777777777,0.994059405940594,0.9782608695652174,0.927536231884058,0.9717741935483871,0.9344262295081968,nan,nan,nan,nan,11,22
0.779178489106042,0.7983576642335767,0.4586442814426034,0.5639699990729357,0.41414864024202797,0.7051282051282052,0.8083491461100569,0.3484848484848485,0.391304347826087,0.9960629921259843,0.8921568627450981,nan,nan,nan,nan,12,22
0.07465477617723601,0.9780420860018298,0.5801524257687409,0.5809790010882077,0.5797073282238902,0.9886363636363636,0.9941747572815534,0.9814814814814815,0.9142857142857143,0.9725490196078431,0.9459459459459459,nan,nan,nan,nan,13,22
0.05781951680375427,0.9816176470588235,0.726797756588118,0.7288756291723425,0.7256892634405491,0.9864864864864865,0.9964726631393298,1.0,0.8840579710144928,0.9769585253456221,0.9615384615384616,nan,nan,nan,nan,14,22
0.3326879223542554,0.9028156221616712,0.5458936932876086,0.5424857564858302,0.6285086502249271,0.9777777777777777,0.9904761904761905,0.9803921568627451,1.0,nan,nan,nan,nan,0.8162650602409639,0.8916666666666667,0,23
0.30527311473020485,0.9147005444646098,0.6316878008901812,0.6187619902180902,0.6957279816410529,0.9807692307692307,1.0,0.992,0.8571428571428571,nan,nan,nan,nan,0.8694267515923567,0.8664850136239782,1,23
0.2809319238045386,0.9134001823154057,0.6070258796640838,0.5925875631892913,0.7141293745129994,1.0,0.9894736842105263,0.9710743801652892,1.0,nan,nan,nan,nan,0.8576271186440678,0.8948598130841121,2,23
0.047642206996732224,0.9837320574162679,0.9422402250867946,0.9256370905293673,0.9639519144676356,nan,nan,nan,nan,0.9875389408099688,1.0,0.9746835443037974,0.988155668358714,0.9,0.9333333333333333,3,23
0.04034270752841125,0.9884393063583815,0.964829069669176,0.9746117959349047,0.9567395628451734,nan,nan,nan,nan,0.9865319865319865,1.0,0.9841269841269841,0.9983498349834984,0.9142857142857143,0.8571428571428571,4,23
0.055542089001392014,0.9820075757575758,0.9346072832031728,0.9348053885847721,0.9350354546813263,nan,nan,nan,nan,0.9934426229508196,0.9285714285714286,0.9696969696969697,0.9885245901639345,0.9473684210526315,0.782608695652174,5,23
0.07495132706720721,0.9798850574712644,0.7965986055449362,0.8096729473420264,0.7848317668427756,nan,nan,nan,nan,0.9865771812080537,0.8823529411764706,0.9508196721311475,0.993517017828201,0.8888888888888888,0.7916666666666666,6,23
0.0713310367247521,0.9781576448243114,0.9245669946212206,0.9223583428320237,0.9326522411831553,nan,nan,nan,nan,0.9935483870967742,1.0,0.9710144927536232,0.9898132427843803,0.8536585365853658,0.7878787878787878,7,23
1.0175394307483325,0.7334611697027804,0.42597690053688764,0.4584654037053418,0.4670329485484229,nan,nan,nan,nan,0.9797297297297297,0.8333333333333334,0.5492957746478874,0.6233552631578947,0.8,0.8846153846153846,8,23
0.041584542840472284,0.9885496183206107,0.9516450434127152,0.9593467690365096,0.9471787452647004,nan,nan,nan,nan,0.9966442953020134,0.9285714285714286,1.0,0.9967159277504105,0.8823529411764706,0.8787878787878788,9,23
0.08484154740033452,0.9770220588235294,0.7207527076510063,0.7204081270621359,0.7224991541278709,1.0,0.9909255898366606,1.0,0.90625,0.9795918367346939,0.9032258064516129,nan,nan,nan,nan,10,23
0.08911498241907205,0.9768518518518519,0.722464931626587,0.7211589361321982,0.7247909327309274,0.9777777777777777,0.994059405940594,0.9782608695652174,0.9420289855072463,0.9717741935483871,0.9344262295081968,nan,nan,nan,nan,11,23
0.7101581803389958,0.8156934306569343,0.4693494203224199,0.5620770782193474,0.4262307939874109,0.6794871794871795,0.8311195445920304,0.4090909090909091,0.43478260869565216,0.9960629921259843,0.9117647058823529,nan,nan,nan,nan,12,23
0.07140406374736423,0.979871912168344,0.5808315148512533,0.5821724689414575,0.5797849158057611,0.9886363636363636,0.996116504854369,0.9814814814814815,0.9142857142857143,0.9803921568627451,0.9369369369369369,nan,nan,nan,nan,13,23
0.055665105425492474,0.9788602941176471,0.6429842609278202,0.6436202932335173,0.6429358546326497,0.9864864864864865,0.9964726631393298,1.0,0.9130434782608695,0.9769585253456221,0.9134615384615384,nan,nan,nan,nan,14,23
0.3195399931498936,0.9028156221616712,0.5421223529860162,0.5383208075794838,0.6281503542961138,0.9777777777777777,0.9904761904761905,0.9725490196078431,1.0,nan,nan,nan,nan,0.8042168674698795,0.9083333333333333,0,24
0.28548751933766264,0.9210526315789473,0.6306078086489195,0.6182704056695992,0.6977803081305789,0.9807692307692307,1.0,0.988,0.8571428571428571,nan,nan,nan,nan,0.8598726114649682,0.896457765667575,1,24
0.2562824426484959,0.9243391066545124,0.5449385053587368,0.5327973943677642,0.6381310159002503,1.0,0.9894736842105263,0.9710743801652892,1.0,nan,nan,nan,nan,0.864406779661017,0.9182242990654206,2,24
0.03480413260827349,0.9866028708133971,0.9515008021287074,0.9405958557175197,0.9647979381562989,nan,nan,nan,nan,0.9875389408099688,1.0,0.9746835443037974,0.9932318104906938,0.9,0.9333333333333333,3,24
0.04537696983656629,0.9845857418111753,0.9406582588341627,0.9688043309689934,0.9249935310991417,nan,nan,nan,nan,0.9865319865319865,1.0,0.9841269841269841,0.9983498349834984,0.9142857142857143,0.6666666666666666,4,24
0.04789526688105208,0.9848484848484849,0.9431252836267231,0.9499589075373146,0.9402402878619257,nan,nan,nan,nan,0.9901639344262295,1.0,0.9696969696969697,0.9950819672131147,0.9473684210526315,0.7391304347826086,5,24
0.07242385192909172,0.9827586206896551,0.806927076160808,0.8347625098167055,0.7848649964140925,nan,nan,nan,nan,0.9865771812080537,0.8823529411764706,0.9508196721311475,0.9983792544570502,0.9259259259259259,0.75,6,24
0.06440100914650512,0.9810066476733144,0.9274787298979099,0.9325419235595604,0.9335011376177902,nan,nan,nan,nan,0.9935483870967742,1.0,0.9710144927536232,0.9949066213921901,0.8536585365853658,0.7878787878787878,7,24
0.9854054839322062,0.7401725790987536,0.431118458407045,0.45857403545359754,0.4747383267398093,nan,nan,nan,nan,0.972972972972973,0.8333333333333334,0.5915492957746479,0.631578947368421,0.8333333333333334,0.8846153846153846,8,24
0.04377644635634638,0.9885496183206107,0.8124439465348507,0.8256544674136871,0.8038059641184112,nan,nan,nan,nan,0.9966442953020134,0.9285714285714286,1.0,1.0,0.8529411764705882,0.8484848484848485,9,24
0.09051204171469983,0.9770220588235294,0.721556834506111,0.7224573915884773,0.7222158103003218,1.0,0.9927404718693285,1.0,0.90625,0.9755102040816327,0.9032258064516129,nan,nan,nan,nan,10,24
0.09304113413193538,0.9796296296296296,0.7285078753377828,0.7289443073054244,0.7284954480807795,0.9888888888888889,0.994059405940594,0.9782608695652174,0.9565217391304348,0.9758064516129032,0.9344262295081968,nan,nan,nan,nan,11,24
0.7126729198864528,0.8120437956204379,0.4703603687818809,0.5666862243783052,0.4256035330103437,0.6794871794871795,0.8235294117647058,0.4393939393939394,0.4057971014492754,0.9960629921259843,0.9117647058823529,nan,nan,nan,nan,12,24
0.07865356926506917,0.9734675205855444,0.6401993671421642,0.6414635715230381,0.6396795197306017,0.9886363636363636,0.9941747572815534,0.9814814814814815,0.9142857142857143,0.9686274509803922,0.9099099099099099,nan,nan,nan,nan,13,24
0.05979810853665078,0.9779411764705882,0.6427216298240677,0.6436202932335173,0.6424238218625523,0.9864864864864865,0.9964726631393298,1.0,0.9130434782608695,0.9723502304147466,0.9134615384615384,nan,nan,nan,nan,14,24
0.2792882247694901,0.9173478655767484,0.5558704227267296,0.5495045661122018,0.6336321945110039,0.9777777777777777,0.9904761904761905,0.9764705882352941,1.0,nan,nan,nan,nan,0.8524096385542169,0.9055555555555556,0,25
0.26351967549749783,0.9283121597096189,0.5718607772362526,0.5571883349625284,0.6231822230579932,0.9807692307692307,1.0,0.988,0.8571428571428571,nan,nan,nan,nan,0.89171974522293,0.8910081743869209,1,25
0.2355741009249219,0.9316317228805834,0.6255168850722622,0.6099360286384916,0.7216433689859026,1.0,0.9894736842105263,0.9752066115702479,1.0,nan,nan,nan,nan,0.8949152542372881,0.9135514018691588,2,25
0.04019352835254694,0.9866028708133971,0.9513862692835021,0.9403703564481533,0.9647979381562989,nan,nan,nan,nan,0.9875389408099688,1.0,0.9746835443037974,0.9932318104906938,0.9,0.9333333333333333,3,25
0.03981301548661908,0.9894026974951831,0.9686843986626811,0.9752171898332707,0.9646760707816814,nan,nan,nan,nan,0.9865319865319865,1.0,0.9841269841269841,0.9983498349834984,0.9142857142857143,0.9047619047619048,4,25
0.04976346435520981,0.9867424242424242,0.9496232058372353,0.9458599665064292,0.9550062655288301,nan,nan,nan,nan,0.9934426229508196,1.0,0.9696969696969697,0.9934426229508196,0.9473684210526315,0.8260869565217391,5,25
0.07386877558956532,0.9818007662835249,0.8019560468855783,0.8211372613561555,0.7850469856900417,nan,nan,nan,nan,0.9832214765100671,0.8823529411764706,0.9508196721311475,0.9983792544570502,0.8888888888888888,0.7916666666666666,6,25
0.06609447130624561,0.98005698005698,0.9292206493184052,0.932001586136551,0.9332181721395786,nan,nan,nan,nan,0.9935483870967742,1.0,0.9710144927536232,0.9932088285229203,0.8536585365853658,0.7878787878787878,7,25
0.9322026787382184,0.7698945349952061,0.4414494696881368,0.4618515274448337,0.48001037510396294,nan,nan,nan,nan,0.9763513513513513,0.8333333333333334,0.5915492957746479,0.680921052631579,0.8333333333333334,0.8846153846153846,8,25
0.04100530247943067,0.9895038167938931,0.9518608150730093,0.9654476129956516,0.942824129855318,nan,nan,nan,nan,0.9966442953020134,0.9285714285714286,1.0,1.0,0.8529411764705882,0.8787878787878788,9,25
0.09265413863570704,0.9761029411764706,0.719829367113694,0.7210493898882488,0.7202626853003218,1.0,0.9927404718693285,1.0,0.890625,0.9755102040816327,0.9032258064516129,nan,nan,nan,nan,10,25
0.09369808253626723,0.9768518518518519,0.7233577507029048,0.7232544720740575,0.7242703748250575,0.9777777777777777,0.994059405940594,0.9782608695652174,0.9420289855072463,0.9758064516129032,0.9262295081967213,nan,nan,nan,nan,11,25
0.7627428182533809,0.8065693430656934,0.4703325281887526,0.5670992677865792,0.4258450260311415,0.7051282051282052,0.8102466793168881,0.4090909090909091,0.42028985507246375,0.9921259842519685,0.9215686274509803,nan,nan,nan,nan,12,25
0.07826011592987925,0.9752973467520586,0.6418009186305452,0.6432655897955514,0.6408962704619154,0.9886363636363636,0.996116504854369,0.9814814814814815,0.9142857142857143,0.9686274509803922,0.918918918918919,nan,nan,nan,nan,13,25
0.057562307330526356,0.9788602941176471,0.6428376871524495,0.6445237664457442,0.6418519948531376,0.9864864864864865,0.9964726631393298,1.0,0.8840579710144928,0.9769585253456221,0.9326923076923077,nan,nan,nan,nan,14,25
0.3146641833973782,0.9100817438692098,0.5521971813889818,0.5496959187216937,0.6311829640379133,0.9777777777777777,0.9904761904761905,0.984313725490196,1.0,nan,nan,nan,nan,0.8253012048192772,0.9027777777777778,0,26
0.281116660178772,0.9237749546279492,0.6377297257594718,0.6219471833296565,0.6990764864745279,0.9807692307692307,1.0,0.992,0.8571428571428571,nan,nan,nan,nan,0.8662420382165605,0.896457765667575,1,26
0.25723659663594195,0.9252506836827712,0.5500144654744127,0.5399351049264581,0.6384731102885408,1.0,0.9894736842105263,0.9752066115702479,1.0,nan,nan,nan,nan,0.8610169491525423,0.9205607476635514,2,26
0.044462975306184184,0.9856459330143541,0.9468249946135883,0.932744601243554,0.9645159302600779,nan,nan,nan,nan,0.9875389408099688,1.0,0.9746835443037974,0.9915397631133672,0.9,0.9333333333333333,3,26
0.0397084345930566,0.9884393063583815,0.9639218069972074,0.974669128809575,0.9567395628451734,nan,nan,nan,nan,0.9865319865319865,1.0,0.9841269841269841,0.9983498349834984,0.9142857142857143,0.8571428571428571,4,26
0.054645668810046504,0.9848484848484849,0.9460206772137337,0.9390736293978038,0.9544598174413984,nan,nan,nan,nan,0.9934426229508196,1.0,0.9696969696969697,0.9901639344262295,0.9473684210526315,0.8260869565217391,5,26
0.07695162464171351,0.9808429118773946,0.802604694917115,0.8224151592409482,0.7850633019203397,nan,nan,nan,nan,0.9865771812080537,0.8823529411764706,0.9508196721311475,0.9951377633711507,0.8888888888888888,0.7916666666666666,6,26
0.0690910174083511,0.9791073124406457,0.9260980553126977,0.9250198527071994,0.9329352066613669,nan,nan,nan,nan,0.9935483870967742,1.0,0.9710144927536232,0.9915110356536503,0.8536585365853658,0.7878787878787878,7,26
0.922419702464884,0.7689357622243528,0.43412181747596346,0.46117217062263505,0.4731184748642125,nan,nan,nan,nan,0.9797297297297297,0.8333333333333334,0.5492957746478874,0.6842105263157895,0.8,0.8846153846153846,8,26
0.04025846610117393,0.9895038167938931,0.9542570415707625,0.964903221879565,0.9474524179521661,nan,nan,nan,nan,0.9966442953020134,0.9285714285714286,1.0,0.9983579638752053,0.8823529411764706,0.8787878787878788,9,26
0.08903014661251184,0.9761029411764706,0.7203281718989376,0.7205649606120038,0.7213799110677437,1.0,0.9909255898366606,1.0,0.890625,0.9755102040816327,0.9139784946236559,nan,nan,nan,nan,10,26
0.09548962016946033,0.975,0.7199558613638373,0.7187849734179268,0.7224753062699644,0.9777777777777777,0.994059405940594,0.9782608695652174,0.927536231884058,0.967741935483871,0.9344262295081968,nan,nan,nan,nan,11,26
0.7067100175789425,0.8302919708029197,0.48040272488248836,0.5629726940513415,0.4388690728495986,0.7051282051282052,0.8462998102466793,0.48484848484848486,0.43478260869565216,0.9960629921259843,0.9215686274509803,nan,nan,nan,nan,12,26
0.07353060103819839,0.9780420860018298,0.6452469417758651,0.6483921014267272,0.642548751040724,0.9886363636363636,0.9980582524271845,0.9814814814814815,0.9142857142857143,0.9725490196078431,0.9279279279279279,nan,nan,nan,nan,13,26
0.058243610180558306,0.9788602941176471,0.7210152863834753,0.7214854849200644,0.7214576079992162,0.9864864864864865,0.9964726631393298,1.0,0.8840579710144928,0.9815668202764977,0.9230769230769231,nan,nan,nan,nan,14,26
0.30522830712475946,0.9137148047229791,0.5530026495077794,0.5457280887390148,0.6321924485992523,0.9777777777777777,0.9904761904761905,0.9725490196078431,1.0,nan,nan,nan,nan,0.8433734939759037,0.9055555555555556,0,27
0.27802430359380587,0.926497277676951,0.5703713777909273,0.5566814417447534,0.6224234070038752,0.9807692307692307,1.0,0.988,0.8571428571428571,nan,nan,nan,nan,0.8821656050955414,0.8937329700272479,1,27
0.252519061842135,0.9234275296262534,0.5502249791443773,0.5369062006995762,0.6384566226728712,1.0,0.9894736842105263,0.9710743801652892,1.0,nan,nan,nan,nan,0.8813559322033898,0.9042056074766355,2,27
0.04287435476351564,0.9856459330143541,0.9468249946135883,0.932744601243554,0.9645159302600779,nan,nan,nan,nan,0.9875389408099688,1.0,0.9746835443037974,0.9915397631133672,0.9,0.9333333333333333,3,27
0.037178741621270696,0.9884393063583815,0.9639218069972074,0.974669128809575,0.9567395628451734,nan,nan,nan,nan,0.9865319865319865,1.0,0.9841269841269841,0.9983498349834984,0.9142857142857143,0.8571428571428571,4,27
0.05247358984260328,0.9857954545454546,0.9504509611547416,0.9408085537719253,0.9617061942529926,nan,nan,nan,nan,0.9934426229508196,1.0,0.9696969696969697,0.9901639344262295,0.9473684210526315,0.8695652173913043,5,27
0.07298304473817663,0.9818007662835249,0.8019560468855783,0.8211372613561555,0.7850469856900417,nan,nan,nan,nan,0.9832214765100671,0.8823529411764706,0.9508196721311475,0.9983792544570502,0.8888888888888888,0.7916666666666666,6,27
0.06928811680031134,0.9791073124406457,0.9259565582471913,0.9252198072519165,0.9329352066613669,nan,nan,nan,nan,0.9935483870967742,1.0,0.9710144927536232,0.9915110356536503,0.8536585365853658,0.7878787878787878,7,27
0.9602472393801718,0.7555129434324065,0.44150249250351525,0.4628880070546738,0.48003122388083475,nan,nan,nan,nan,0.9763513513513513,0.8333333333333334,0.6197183098591549,0.6529605263157895,0.8333333333333334,0.8846153846153846,8,27
0.03904977713836794,0.9895038167938931,0.9542570415707625,0.964903221879565,0.9474524179521661,nan,nan,nan,nan,0.9966442953020134,0.9285714285714286,1.0,0.9983579638752053,0.8823529411764706,0.8787878787878788,9,27
0.08553042284363661,0.9770220588235294,0.7207541277191989,0.7213218513449208,0.7216067713218272,1.0,0.9927404718693285,1.0,0.890625,0.9755102040816327,0.9139784946236559,nan,nan,nan,nan,10,27
0.08777700016713318,0.9787037037037037,0.7253729393418682,0.7254900930527739,0.7257989972470564,0.9777777777777777,0.994059405940594,0.9782608695652174,0.9420289855072463,0.9798387096774194,0.9344262295081968,nan,nan,nan,nan,11,27
0.711529027564185,0.8302919708029197,0.47763721760895894,0.5618980991643857,0.4361524003078291,0.7051282051282052,0.8500948766603416,0.4393939393939394,0.4492753623188406,0.9960629921259843,0.9215686274509803,nan,nan,nan,nan,12,27
0.07215467888163403,0.9762122598353157,0.5794813736348369,0.5824452210922365,0.5770008181730055,0.9886363636363636,0.9980582524271845,0.9814814814814815,0.9142857142857143,0.9686274509803922,0.918918918918919,nan,nan,nan,nan,13,27
0.05467205160911202,0.9797794117647058,0.7220193438550294,0.7227055950011875,0.7220336448655756,0.9864864864864865,0.9964726631393298,1.0,0.8840579710144928,0.9861751152073732,0.9230769230769231,nan,nan,nan,nan,14,27
0.31438965025757043,0.9155313351498637,0.5560542835494187,0.5514830554238555,0.6333180840386132,0.9777777777777777,0.9904761904761905,0.9882352941176471,1.0,nan,nan,nan,nan,0.8433734939759037,0.9,0,28
0.2846961428411305,0.926497277676951,0.6390532435178814,0.6245671059533175,0.7002838225962933,0.9807692307692307,1.0,0.988,0.8571428571428571,nan,nan,nan,nan,0.8853503184713376,0.8910081743869209,1,28
0.25737573286252363,0.927073837739289,0.552556107877145,0.5399029520644522,0.6394950442720404,1.0,0.9894736842105263,0.9710743801652892,1.0,nan,nan,nan,nan,0.8813559322033898,0.9135514018691588,2,28
0.041634813895198575,0.9875598086124402,0.9542504342650046,0.9463232186343408,0.96507994605252,nan,nan,nan,nan,0.9875389408099688,1.0,0.9746835443037974,0.9949238578680203,0.9,0.9333333333333333,3,28
0.040515349012077255,0.9884393063583815,0.9639218069972074,0.974669128809575,0.9567395628451734,nan,nan,nan,nan,0.9865319865319865,1.0,0.9841269841269841,0.9983498349834984,0.9142857142857143,0.8571428571428571,4,28
0.053140826674776195,0.9867424242424242,0.9438870598475901,0.942756197641791,0.9456267561493207,nan,nan,nan,nan,0.9934426229508196,0.9285714285714286,0.9848484848484849,0.9934426229508196,0.9473684210526315,0.8260869565217391,5,28
0.08057967238426389,0.9837164750957854,0.8036612262333396,0.8235794631843051,0.7860057584608949,nan,nan,nan,nan,0.9899328859060402,0.8823529411764706,0.9508196721311475,0.9983792544570502,0.8888888888888888,0.7916666666666666,6,28
0.07110049510116699,0.9810066476733144,0.9325544157314146,0.9330887506962671,0.9382686771900836,nan,nan,nan,nan,0.9935483870967742,1.0,0.9710144927536232,0.9932088285229203,0.8536585365853658,0.8181818181818182,7,28
0.9845408381837787,0.7574304889741131,0.44182746711939125,0.46203510380315854,0.48263178218561836,nan,nan,nan,nan,0.9831081081081081,0.8333333333333334,0.6056338028169014,0.6529605263157895,0.8666666666666667,0.8846153846153846,8,28
0.03990285895655909,0.9904580152671756,0.9580900583647097,0.9675564024059237,0.9547288917600801,nan,nan,nan,nan,0.9966442953020134,1.0,1.0,1.0,0.8529411764705882,0.8787878787878788,9,28
0.08432385131634552,0.9770220588235294,0.7213921508982057,0.7226483182612753,0.7216067713218272,1.0,0.9927404718693285,1.0,0.890625,0.9755102040816327,0.9139784946236559,nan,nan,nan,nan,10,28
0.09002970202024752,0.9777777777777777,0.7239071336359943,0.7232821024896189,0.7252949649889919,0.9777777777777777,0.994059405940594,0.9782608695652174,0.9420289855072463,0.9758064516129032,0.9344262295081968,nan,nan,nan,nan,11,28
0.7272389560937882,0.8257299270072993,0.475871530850306,0.5614391773643365,0.43338925579895415,0.717948717948718,0.8444022770398482,0.42424242424242425,0.4492753623188406,0.9960629921259843,0.9019607843137255,nan,nan,nan,nan,12,28
0.07393015275447397,0.9762122598353157,0.6426253475308265,0.6444238020894368,0.6413320003094101,0.9886363636363636,0.996116504854369,0.9814814814814815,0.9142857142857143,0.9725490196078431,0.918918918918919,nan,nan,nan,nan,13,28
0.05765003719673533,0.9825367647058824,0.7270117347268621,0.7282768975650561,0.7262490852223203,0.9864864864864865,0.9964726631393298,1.0,0.8985507246376812,0.9861751152073732,0.9423076923076923,nan,nan,nan,nan,14,28
0.263169481685119,0.9291553133514986,0.5589578398352864,0.5519385568119429,0.6381038939449051,0.9777777777777777,0.9904761904761905,0.9882352941176471,1.0,nan,nan,nan,nan,0.8614457831325302,0.925,0,29
0.2312935223669878,0.9373865698729582,0.6469712959718805,0.6295929994194363,0.7049328446202785,0.9807692307692307,1.0,0.992,0.8571428571428571,nan,nan,nan,nan,0.9076433121019108,0.9019073569482289,1,29
0.20596957998350263,0.9380127620783957,0.5028671676133469,0.4886764226622575,0.5788759691177653,1.0,0.9894736842105263,0.9710743801652892,1.0,nan,nan,nan,nan,0.8983050847457628,0.9299065420560748,2,29
0.04026498211555229,0.9866028708133971,0.9496894004133121,0.9386974650693797,0.9647979381562989,nan,nan,nan,nan,0.9875389408099688,1.0,0.9746835443037974,0.9932318104906938,0.9,0.9333333333333333,3,29
0.03864911829141144,0.9903660886319846,0.9732290308376336,0.9757689415035906,0.9726125787181893,nan,nan,nan,nan,0.9865319865319865,1.0,0.9841269841269841,0.9983498349834984,0.9142857142857143,0.9523809523809523,4,29
0.05030392307647465,0.9876893939393939,0.9540783457231691,0.9473787270479842,0.9622526423404243,nan,nan,nan,nan,0.9934426229508196,1.0,0.9696969696969697,0.9934426229508196,0.9473684210526315,0.8695652173913043,5,29
0.07166980279296033,0.9827586206896551,0.8050993925921236,0.8216038961706164,0.7903379909810468,nan,nan,nan,nan,0.9832214765100671,0.8823529411764706,0.9508196721311475,0.9983792544570502,0.9259259259259259,0.7916666666666666,6,29
0.06439616992062122,0.9829059829059829,0.9490091517178115,0.9533615785495485,0.9463987584908966,nan,nan,nan,nan,0.9935483870967742,1.0,0.9710144927536232,0.9932088285229203,0.9024390243902439,0.8181818181818182,7,29
0.8464678218870452,0.7996164908916586,0.4607700026665544,0.47175636929630543,0.5036629337611547,nan,nan,nan,nan,0.972972972972973,0.8333333333333334,0.6901408450704225,0.7171052631578947,0.9,0.9230769230769231,8,29
0.039144733450622436,0.9904580152671756,0.9580900583647097,0.9675564024059237,0.9547288917600801,nan,nan,nan,nan,0.9966442953020134,1.0,1.0,1.0,0.8529411764705882,0.8787878787878788,9,29
0.09757864506408463,0.9733455882352942,0.7180703999049457,0.7209172545816949,0.7170643091756783,1.0,0.9927404718693285,1.0,0.890625,0.9714285714285714,0.8817204301075269,nan,nan,nan,nan,10,29
0.1050589775070822,0.975,0.7229911500964206,0.7232526172530657,0.723626609033883,0.9888888888888889,0.994059405940594,0.9782608695652174,0.9420289855072463,0.967741935483871,0.9180327868852459,nan,nan,nan,nan,11,29
0.751351164494242,0.8220802919708029,0.47107402044314794,0.565267927019699,0.4277481170275417,0.7307692307692307,0.8444022770398482,0.36363636363636365,0.43478260869565216,0.9921259842519685,0.9117647058823529,nan,nan,nan,nan,12,29
0.0808377314433788,0.9752973467520586,0.6445233255111175,0.6487694777802577,0.6408962704619154,0.9886363636363636,0.996116504854369,0.9814814814814815,0.9142857142857143,0.9686274509803922,0.918918918918919,nan,nan,nan,nan,13,29
0.06818617699387045,0.9779411764705882,0.6422300325365508,0.644147733167341,0.6413399620830403,0.9864864864864865,0.9964726631393298,1.0,0.8840579710144928,0.9723502304147466,0.9326923076923077,nan,nan,nan,nan,14,29
0.2631330876611173,0.9300635785649409,0.5586613024576275,0.5500909246129143,0.6380083046159116,0.9777777777777777,0.9904761904761905,0.9725490196078431,1.0,nan,nan,nan,nan,0.8734939759036144,0.9277777777777778,0,30
0.23183836771973543,0.9382940108892922,0.5752246299697474,0.5596382217061655,0.6268586260963428,0.9807692307692307,1.0,0.992,0.8571428571428571,nan,nan,nan,nan,0.9044585987261147,0.9073569482288828,1,30
0.20865594331241613,0.935278030993619,0.5014720466163756,0.4891259926953693,0.5780696963472917,1.0,0.9894736842105263,0.9710743801652892,1.0,nan,nan,nan,nan,0.8949152542372881,0.9252336448598131,2,30
0.03899187080379775,0.9875598086124402,0.9542504342650046,0.9463232186343408,0.96507994605252,nan,nan,nan,nan,0.9875389408099688,1.0,0.9746835443037974,0.9949238578680203,0.9,0.9333333333333333,3,30
0.042515170239374296,0.98747591522158,0.9592006527451687,0.9746734380357441,0.9488030549086655,nan,nan,nan,nan,0.9865319865319865,1.0,0.9841269841269841,0.9983498349834984,0.9142857142857143,0.8095238095238095,4,30
0.05342122913818016,0.9876893939393939,0.9529592575667362,0.9527146749633336,0.9552794895725459,nan,nan,nan,nan,0.9934426229508196,1.0,0.9696969696969697,0.9950819672131147,0.9473684210526315,0.8260869565217391,5,30
0.07794229700668824,0.9808429118773946,0.7980893160667526,0.8202284296919641,0.7790946047376607,nan,nan,nan,nan,0.9832214765100671,0.8823529411764706,0.9508196721311475,0.9983792544570502,0.8888888888888888,0.75,6,30
0.06931507577795662,0.98005698005698,0.9275397171683291,0.9281346586732093,0.9332181721395786,nan,nan,nan,nan,0.9935483870967742,1.0,0.9710144927536232,0.9932088285229203,0.8536585365853658,0.7878787878787878,7,30
0.8332306562048016,0.7967401725790988,0.4501111242658481,0.4609311792540359,0.49293377014466716,nan,nan,nan,nan,0.9797297297297297,0.8333333333333334,0.647887323943662,0.7171052631578947,0.8666666666666667,0.8846153846153846,8,30
0.04361193004473479,0.9904580152671756,0.9583718608309026,0.968116187679739,0.9547288917600801,nan,nan,nan,nan,0.9966442953020134,1.0,1.0,1.0,0.8529411764705882,0.8787878787878788,9,30
0.0922208239126656,0.9733455882352942,0.7176877879926213,0.7193946841371978,0.7178981911155511,1.0,0.9927404718693285,1.0,0.890625,0.9673469387755103,0.8924731182795699,nan,nan,nan,nan,10,30
0.099462223246091,0.9768518518518519,0.7250130848995084,0.7254887538240848,0.7251552314558819,0.9888888888888889,0.994059405940594,0.9782608695652174,0.9420289855072463,0.9717741935483871,0.9262295081967213,nan,nan,nan,nan,11,30
0.7127472851957594,0.8375912408759124,0.4839264394459429,0.5625562510195783,0.4434955176070517,0.7307692307692307,0.857685009487666,0.45454545454545453,0.4782608695652174,0.9921259842519685,0.9215686274509803,nan,nan,nan,nan,12,30
0.07773540483613033,0.979871912168344,0.6470768250908701,0.6500397813558969,0.6445507530427259,0.9886363636363636,0.9980582524271845,0.9814814814814815,0.9142857142857143,0.9725490196078431,0.9459459459459459,nan,nan,nan,nan,13,30
0.060814569377244505,0.9797794117647058,0.7250368811272214,0.7271190545384094,0.7239113034972666,0.9864864864864865,0.9964726631393298,1.0,0.8840579710144928,0.9723502304147466,0.9519230769230769,nan,nan,nan,nan,14,30
0.2927465353693281,0.9155313351498637,0.5508210158955659,0.5451407692514745,0.63283576259598,0.9777777777777777,0.9904761904761905,0.9725490196078431,1.0,nan,nan,nan,nan,0.8463855421686747,0.9083333333333333,0,31
0.2577731117473117,0.9392014519056261,0.6493914888882566,0.6316763327527697,0.7076772902291655,1.0,1.0,0.992,0.8571428571428571,nan,nan,nan,nan,0.9076433121019108,0.9046321525885559,1,31
0.23589766628241965,0.9334548769371012,0.5015211069100276,0.48952032472897916,0.577676646717314,1.0,0.9894736842105263,0.9752066115702479,1.0,nan,nan,nan,nan,0.8915254237288136,0.9205607476635514,2,31
0.038992635285742865,0.9875598086124402,0.9542504342650046,0.9463232186343408,0.96507994605252,nan,nan,nan,nan,0.9875389408099688,1.0,0.9746835443037974,0.9949238578680203,0.9,0.9333333333333333,3,31
0.04002336981787294,0.9903660886319846,0.9741109800696547,0.9765470305169738,0.9726125787181893,nan,nan,nan,nan,0.9865319865319865,1.0,0.9841269841269841,0.9983498349834984,0.9142857142857143,0.9523809523809523,4,31
0.053190787945878226,0.9876893939393939,0.948085476054783,0.9459902897617428,0.9506211044793781,nan,nan,nan,nan,0.9934426229508196,0.9285714285714286,0.9696969696969697,0.9950819672131147,0.9473684210526315,0.8695652173913043,5,31
0.07986165013191952,0.9818007662835249,0.8019560468855783,0.8211372613561555,0.7850469856900417,nan,nan,nan,nan,0.9832214765100671,0.8823529411764706,0.9508196721311475,0.9983792544570502,0.8888888888888888,0.7916666666666666,6,31
0.06629087178719767,0.9829059829059829,0.9482805744450302,0.9530156686565213,0.9454132940907981,nan,nan,nan,nan,0.9935483870967742,1.0,0.9710144927536232,0.9932088285229203,0.926829268292683,0.7878787878787878,7,31
0.8897852798302969,0.7948226270373921,0.46063426166305366,0.4684632417025888,0.5053598832481339,nan,nan,nan,nan,0.9831081081081081,0.9166666666666666,0.6619718309859155,0.7072368421052632,0.9,0.8846153846153846,8,31
0.04034118911206888,0.9904580152671756,0.9583718608309026,0.968116187679739,0.9547288917600801,nan,nan,nan,nan,0.9966442953020134,1.0,1.0,1.0,0.8529411764705882,0.8787878787878788,9,31
0.09020743313372162,0.9751838235294118,0.719521845729923,0.7209950801114594,0.7197524812186891,1.0,0.9927404718693285,1.0,0.890625,0.9714285714285714,0.9032258064516129,nan,nan,nan,nan,10,31
0.09820245239226257,0.9787037037037037,0.7258212067660532,0.7255185098730851,0.7266838538778808,0.9888888888888889,0.994059405940594,0.9782608695652174,0.9420289855072463,0.9758064516129032,0.9344262295081968,nan,nan,nan,nan,11,31
0.7376686896596636,0.833029197080292,0.48793816579423127,0.5610732742222657,0.44785102652076547,0.7564102564102564,0.8406072106261859,0.48484848484848486,0.4927536231884058,0.9921259842519685,0.9117647058823529,nan,nan,nan,nan,12,31
0.07499047034091616,0.9780420860018298,0.6449222302720793,0.6468512441501203,0.6433340023114121,0.9886363636363636,0.996116504854369,0.9814814814814815,0.9142857142857143,0.9725490196078431,0.9369369369369369,nan,nan,nan,nan,13,31
0.05784916833320441,0.9779411764705882,0.7208642206409461,0.7215407726365981,0.7208815711328568,0.9864864864864865,0.9964726631393298,1.0,0.8840579710144928,0.9769585253456221,0.9230769230769231,nan,nan,nan,nan,14,31
0.28926935186609626,0.927338782924614,0.5571486880240433,0.548307846167259,0.6370303185977648,0.9777777777777777,0.9904761904761905,0.9725490196078431,1.0,nan,nan,nan,nan,0.8674698795180723,0.925,0,32
0.2553930143892233,0.9373865698729582,0.6477225088093017,0.6295261249716106,0.7068236221682828,1.0,1.0,0.992,0.8571428571428571,nan,nan,nan,nan,0.8980891719745223,0.9073569482288828,1,32
0.22907088668684342,0.9407474931631723,0.5644821471357319,0.5494361187317593,0.6444079537332845,1.0,0.9894736842105263,0.9752066115702479,1.0,nan,nan,nan,nan,0.9050847457627119,0.9299065420560748,2,32
0.03954387170332749,0.9885167464114832,0.9660471674773458,0.9629898853010075,0.9706355016080755,nan,nan,nan,nan,0.9875389408099688,1.0,0.9746835443037974,0.9949238578680203,0.9333333333333333,0.9333333333333333,3,32
0.03824313108946102,0.9903660886319846,0.9741109800696547,0.9765470305169738,0.9726125787181893,nan,nan,nan,nan,0.9865319865319865,1.0,0.9841269841269841,0.9983498349834984,0.9142857142857143,0.9523809523809523,4,32
0.05484836632000555,0.9886363636363636,0.9574307274412477,0.9572135471806525,0.9578674812909722,nan,nan,nan,nan,0.9934426229508196,0.9285714285714286,0.9696969696969697,0.9950819672131147,0.9473684210526315,0.9130434782608695,5,32
0.07641234607931299,0.9818007662835249,0.8019560468855783,0.8211372613561555,0.7850469856900417,nan,nan,nan,nan,0.9832214765100671,0.8823529411764706,0.9508196721311475,0.9983792544570502,0.8888888888888888,0.7916666666666666,6,32
0.06438761583055883,0.9838556505223172,0.9516151778813753,0.9541060868791962,0.9504637991413031,nan,nan,nan,nan,0.9935483870967742,1.0,0.9710144927536232,0.9932088285229203,0.926829268292683,0.8181818181818182,7,32
0.881316832520745,0.8072866730584851,0.45865514658894196,0.46896464646464653,0.4979118403201058,nan,nan,nan,nan,0.9797297297297297,0.8333333333333334,0.647887323943662,0.7335526315789473,0.9,0.8846153846153846,8,32
0.03713178974563065,0.9895038167938931,0.9507597849710753,0.9632635453159683,0.942824129855318,nan,nan,nan,nan,0.9966442953020134,0.9285714285714286,1.0,1.0,0.8529411764705882,0.8787878787878788,9,32
0.09137557942834545,0.9779411764705882,0.7228274284674852,0.7227263882688317,0.7243937782616998,1.0,0.9927404718693285,1.0,0.90625,0.9714285714285714,0.9247311827956989,nan,nan,nan,nan,10,32
0.09961367603425648,0.9787037037037037,0.7258212067660532,0.7255185098730851,0.7266838538778808,0.9888888888888889,0.994059405940594,0.9782608695652174,0.9420289855072463,0.9758064516129032,0.9344262295081968,nan,nan,nan,nan,11,32
0.7372687633548464,0.8312043795620438,0.48547820537288333,0.560836754716116,0.44475484733762977,0.7564102564102564,0.8406072106261859,0.4393939393939394,0.5072463768115942,0.9921259842519685,0.9117647058823529,nan,nan,nan,nan,12,32
0.07957317908627114,0.9762122598353157,0.6438681929275964,0.6471613567691517,0.6411120201922285,0.9886363636363636,0.9980582524271845,0.9814814814814815,0.9142857142857143,0.9686274509803922,0.918918918918919,nan,nan,nan,nan,13,32
0.06509072223942734,0.9816176470588235,0.7269796909586792,0.7276463866833887,0.7269086056925,0.9864864864864865,0.9964726631393298,1.0,0.9130434782608695,0.9769585253456221,0.9423076923076923,nan,nan,nan,nan,14,32
0.2190290946879291,0.9427792915531336,0.5637113164046849,0.5510173022520584,0.64256050032686,0.9777777777777777,0.9904761904761905,0.9764705882352941,1.0,nan,nan,nan,nan,0.8855421686746988,0.9527777777777777,0,33
0.2021760076883116,0.9537205081669692,0.5843396813201055,0.5646961347450968,0.6340438672538848,1.0,1.0,0.992,0.8571428571428571,nan,nan,nan,nan,0.9171974522292994,0.9400544959128065,1,33
0.16905343639872236,0.9516864175022789,0.5104014599654508,0.495472072777113,0.5833407296211475,1.0,0.9894736842105263,0.9834710743801653,1.0,nan,nan,nan,nan,0.911864406779661,0.9485981308411215,2,33
0.03823621740227254,0.9885167464114832,0.9660471674773458,0.9629898853010075,0.9706355016080755,nan,nan,nan,nan,0.9875389408099688,1.0,0.9746835443037974,0.9949238578680203,0.9333333333333333,0.9333333333333333,3,33
0.03960014187631797,0.9913294797687862,0.9805431731386065,0.9844835384534817,0.977374483480094,nan,nan,nan,nan,0.9865319865319865,1.0,0.9841269841269841,0.9983498349834984,0.9428571428571428,0.9523809523809523,4,33
0.04981206671455959,0.9886363636363636,0.9574307274412477,0.9572135471806525,0.9578674812909722,nan,nan,nan,nan,0.9934426229508196,0.9285714285714286,0.9696969696969697,0.9950819672131147,0.9473684210526315,0.9130434782608695,5,33
0.07496790338371173,0.9818007662835249,0.801232661773298,0.8206950645064249,0.7843856100286659,nan,nan,nan,nan,0.9832214765100671,0.8823529411764706,0.9508196721311475,0.9983792544570502,0.9259259259259259,0.75,6,33
0.06219745860335799,0.9848053181386515,0.955628065893202,0.9568426031932956,0.9555143041918082,nan,nan,nan,nan,0.9935483870967742,1.0,0.9710144927536232,0.9932088285229203,0.926829268292683,0.8484848484848485,7,33
0.826188196738561,0.7996164908916586,0.4645741372921405,0.47330237358101135,0.5092009031612441,nan,nan,nan,nan,0.9459459459459459,0.9166666666666666,0.676056338028169,0.7302631578947368,0.9,0.9230769230769231,8,33
0.038973558422984556,0.9904580152671756,0.9582303854035524,0.9678340210472444,0.9547288917600801,nan,nan,nan,nan,0.9966442953020134,1.0,1.0,1.0,0.8529411764705882,0.8787878787878788,9,33
0.11065936743312597,0.9705882352941176,0.7174816370251742,0.7196864371677862,0.7172014608105258,1.0,0.9927404718693285,1.0,0.890625,0.9510204081632653,0.9032258064516129,nan,nan,nan,nan,10,33
0.11645027717595975,0.9731481481481481,0.7199734016648148,0.7190838206385766,0.7222542457927995,0.9777777777777777,0.994059405940594,0.9782608695652174,0.9420289855072463,0.9596774193548387,0.9262295081967213,nan,nan,nan,nan,11,33
0.6849250514592443,0.8458029197080292,0.49105701914573563,0.5631744454927071,0.4507433559826849,0.7692307692307693,0.8671726755218216,0.4696969696969697,0.5072463768115942,0.9921259842519685,0.9019607843137255,nan,nan,nan,nan,12,33
0.09335612600802311,0.9762122598353157,0.7289342642877256,0.7326686684121533,0.7259968614694485,1.0,0.9980582524271845,0.9814814814814815,0.9142857142857143,0.9411764705882353,0.972972972972973,nan,nan,nan,nan,13,33
0.07895255028800902,0.9705882352941176,0.6367554616818045,0.6391016468099802,0.6355746700274257,0.9864864864864865,0.9964726631393298,1.0,0.8840579710144928,0.9493087557603687,0.9038461538461539,nan,nan,nan,nan,14,33
0.2610814359105591,0.9336966394187103,0.56522963075887,0.5552885265434964,0.6396271984920697,0.9777777777777777,0.9904761904761905,0.9803921568627451,1.0,nan,nan,nan,nan,0.8885542168674698,0.9194444444444444,0,34
0.23799231728938008,0.9437386569872959,0.5833298865021043,0.5658929374291396,0.6308157654124784,1.0,1.0,0.992,0.8571428571428571,nan,nan,nan,nan,0.9235668789808917,0.9046321525885559,1,34
0.20715378805263235,0.9443938012762079,0.513539875717207,0.4967062637893872,0.5816822471247115,1.0,0.9894736842105263,0.9834710743801653,1.0,nan,nan,nan,nan,0.9186440677966101,0.9252336448598131,2,34
0.04024206326775212,0.9885167464114832,0.9660471674773458,0.9629898853010075,0.9706355016080755,nan,nan,nan,nan,0.9875389408099688,1.0,0.9746835443037974,0.9949238578680203,0.9333333333333333,0.9333333333333333,3,34
0.04101783747938036,0.9903660886319846,0.9741109800696547,0.9765470305169738,0.9726125787181893,nan,nan,nan,nan,0.9865319865319865,1.0,0.9841269841269841,0.9983498349834984,0.9142857142857143,0.9523809523809523,4,34
0.05142517697640869,0.9886363636363636,0.9574307274412477,0.9572135471806525,0.9578674812909722,nan,nan,nan,nan,0.9934426229508196,0.9285714285714286,0.9696969696969697,0.9950819672131147,0.9473684210526315,0.9130434782608695,5,34
0.08138473883465133,0.9818007662835249,0.7969544392462452,0.8165364432024699,0.7795739911230873,nan,nan,nan,nan,0.9865771812080537,0.8823529411764706,0.9508196721311475,0.9983792544570502,0.8888888888888888,0.75,6,34
0.06506169537275906,0.9848053181386515,0.955628065893202,0.9568426031932956,0.9555143041918082,nan,nan,nan,nan,0.9935483870967742,1.0,0.9710144927536232,0.9932088285229203,0.926829268292683,0.8484848484848485,7,34
0.8268122745282722,0.8139980824544583,0.46847719695163753,0.4749388185654008,0.502795087169624,nan,nan,nan,nan,0.9797297297297297,0.8333333333333334,0.6901408450704225,0.7401315789473685,0.9,0.8846153846153846,8,34
0.03905905860176173,0.9895038167938931,0.9520013646029847,0.9657261129207383,0.942824129855318,nan,nan,nan,nan,0.9966442953020134,0.9285714285714286,1.0,1.0,0.8529411764705882,0.8787878787878788,9,34
0.10200648077400676,0.9751838235294118,0.7188081181360831,0.7196864371677862,0.7197524812186891,1.0,0.9927404718693285,1.0,0.890625,0.9714285714285714,0.9032258064516129,nan,nan,nan,nan,10,34
0.10427249826641534,0.975925925925926,0.7230990117694495,0.7232523464406186,0.723766342566993,0.9777777777777777,0.994059405940594,0.9782608695652174,0.9420289855072463,0.9717741935483871,0.9262295081967213,nan,nan,nan,nan,11,34
0.7705955845969064,0.8366788321167883,0.4874032979843251,0.5617455629438284,0.4464281266200172,0.7564102564102564,0.8519924098671727,0.45454545454545453,0.5072463768115942,0.9921259842519685,0.9019607843137255,nan,nan,nan,nan,12,34
0.07973147706922776,0.9807868252516011,0.729547037607992,0.733190766876453,0.7265400517185211,1.0,0.9980582524271845,0.9814814814814815,0.9142857142857143,0.9725490196078431,0.9459459459459459,nan,nan,nan,nan,13,34
0.06896473553206306,0.9761029411764706,0.6399828425746351,0.6423016875100208,0.6386468666480094,0.9864864864864865,0.9964726631393298,1.0,0.8840579710144928,0.9769585253456221,0.9038461538461539,nan,nan,nan,nan,14,34
0.2715790498403034,0.9300635785649409,0.5651791632525918,0.5565464781901263,0.6382915727647597,0.9777777777777777,0.9904761904761905,0.9764705882352941,1.0,nan,nan,nan,nan,0.891566265060241,0.9083333333333333,0,35
0.2521924788697756,0.941923774954628,0.5850463776939067,0.5678422551679311,0.6302102552701835,1.0,1.0,0.992,0.8571428571428571,nan,nan,nan,nan,0.9235668789808917,0.8991825613079019,1,35
0.21751150436632868,0.9407474931631723,0.5138556669244693,0.4981090918030328,0.5807787657868451,1.0,0.9894736842105263,0.9793388429752066,1.0,nan,nan,nan,nan,0.9254237288135593,0.9135514018691588,2,35
0.037588747975998114,0.9904306220095693,0.9723438220909499,0.9721370551616232,0.9732644170490103,nan,nan,nan,nan,0.9906542056074766,1.0,0.9873417721518988,0.9949238578680203,0.9333333333333333,0.9333333333333333,3,35
0.04664219279389541,0.9865125240847784,0.9587795519623223,0.9743934814856802,0.9482418876808315,nan,nan,nan,nan,0.9831649831649831,1.0,0.9841269841269841,0.9983498349834984,0.9142857142857143,0.8095238095238095,4,35
0.05551461820587891,0.9867424242424242,0.9454110597574498,0.9620166429243509,0.9366120597504475,nan,nan,nan,nan,0.9967213114754099,1.0,0.9848484848484849,0.9950819672131147,0.9473684210526315,0.6956521739130435,5,35
0.08495484277913226,0.9818007662835249,0.803783715757479,0.8342973935376357,0.7795739911230873,nan,nan,nan,nan,0.9865771812080537,0.8823529411764706,0.9508196721311475,0.9983792544570502,0.8888888888888888,0.75,6,35
0.07329857839635445,0.9829059829059829,0.9471988105031391,0.9609772288291123,0.9378491437464084,nan,nan,nan,nan,0.9935483870967742,1.0,0.9710144927536232,0.9966044142614601,0.8780487804878049,0.7878787878787878,7,35
0.8316563142068458,0.8178331735378715,0.46901866132012016,0.4703402137388548,0.5116218415555889,nan,nan,nan,nan,0.9797297297297297,0.9166666666666666,0.6901408450704225,0.7450657894736842,0.9,0.8846153846153846,8,35
0.04570196289786867,0.9895038167938931,0.9509012603984254,0.9635457119484627,0.942824129855318,nan,nan,nan,nan,0.9966442953020134,0.9285714285714286,1.0,1.0,0.8529411764705882,0.8787878787878788,9,35
0.09727899573130451,0.9770220588235294,0.7210989989601673,0.7213477875133472,0.7224406532616998,1.0,0.9927404718693285,1.0,0.890625,0.9714285714285714,0.9247311827956989,nan,nan,nan,nan,10,35
0.09708006190040204,0.9777777777777777,0.7239071336359943,0.7232821024896189,0.7252949649889919,0.9777777777777777,0.994059405940594,0.9782608695652174,0.9420289855072463,0.9758064516129032,0.9344262295081968,nan,nan,nan,nan,11,35
0.6229300390396799,0.8622262773722628,0.5030995382803326,0.5656301619038466,0.4662483500638729,0.782051282051282,0.8804554079696395,0.5606060606060606,0.5217391304347826,0.9960629921259843,0.9215686274509803,nan,nan,nan,nan,12,35
0.07796324137998453,0.9807868252516011,0.6483774311960588,0.6517166130431128,0.6455517540437269,0.9886363636363636,0.9980582524271845,0.9814814814814815,0.9142857142857143,0.9725490196078431,0.954954954954955,nan,nan,nan,nan,13,35
0.06483037213638454,0.9761029411764706,0.6402034171653077,0.642756201579731,0.6386612800565322,0.9864864864864865,0.9964726631393298,1.0,0.8695652173913043,0.9723502304147466,0.9230769230769231,nan,nan,nan,nan,14,35
0.242521605667259,0.9436875567665758,0.5687913891186527,0.5567563559852443,0.6432014081848715,0.9777777777777777,0.9904761904761905,0.984313725490196,1.0,nan,nan,nan,nan,0.8945783132530121,0.9416666666666667,0,36
0.22159573752765677,0.9500907441016334,0.6632628186974544,0.64268888877672,0.7121669117081915,1.0,1.0,0.992,0.8571428571428571,nan,nan,nan,nan,0.9299363057324841,0.9182561307901907,1,36
0.19517869241203048,0.9480401093892434,0.5158545451794764,0.49976803098426387,0.5828275029460326,1.0,0.9894736842105263,0.9834710743801653,1.0,nan,nan,nan,nan,0.9254237288135593,0.9299065420560748,2,36
0.03839839315002213,0.9885167464114832,0.9660471674773458,0.9629898853010075,0.9706355016080755,nan,nan,nan,nan,0.9875389408099688,1.0,0.9746835443037974,0.9949238578680203,0.9333333333333333,0.9333333333333333,3,36
0.037598581974588215,0.9903660886319846,0.9741109800696547,0.9765470305169738,0.9726125787181893,nan,nan,nan,nan,0.9865319865319865,1.0,0.9841269841269841,0.9983498349834984,0.9142857142857143,0.9523809523809523,4,36
0.04869333867357758,0.9886363636363636,0.9574307274412477,0.9572135471806525,0.9578674812909722,nan,nan,nan,nan,0.9934426229508196,0.9285714285714286,0.9696969696969697,0.9950819672131147,0.9473684210526315,0.9130434782608695,5,36
0.08107212298762423,0.9808429118773946,0.7983911495256948,0.8145629957331455,0.7839062236432391,nan,nan,nan,nan,0.9798657718120806,0.8823529411764706,0.9508196721311475,0.9983792544570502,0.9259259259259259,0.75,6,36
0.062432504079026785,0.9848053181386515,0.955628065893202,0.9568426031932956,0.9555143041918082,nan,nan,nan,nan,0.9935483870967742,1.0,0.9710144927536232,0.9932088285229203,0.926829268292683,0.8484848484848485,7,36
0.8200337561694059,0.825503355704698,0.46634900764399917,0.4696114347335322,0.5072064745220788,nan,nan,nan,nan,0.9797297297297297,0.8333333333333334,0.676056338028169,0.7598684210526315,0.9,0.9230769230769231,8,36
0.0383455947685985,0.9914122137404581,0.9600771810873825,0.9659241741911231,0.9596308525443938,nan,nan,nan,nan,0.9966442953020134,1.0,1.0,1.0,0.8823529411764706,0.8787878787878788,9,36
0.10384519694557906,0.9751838235294118,0.7188081181360831,0.7196864371677862,0.7197524812186891,1.0,0.9927404718693285,1.0,0.890625,0.9714285714285714,0.9032258064516129,nan,nan,nan,nan,10,36
0.10338498559191495,0.975925925925926,0.723128472242893,0.7232260495701346,0.7238641951588533,0.9888888888888889,0.994059405940594,0.9782608695652174,0.927536231884058,0.967741935483871,0.9344262295081968,nan,nan,nan,nan,11,36
0.714278667313712,0.8467153284671532,0.49155250456230454,0.563708131683547,0.45057951816700703,0.7564102564102564,0.8690702087286527,0.48484848484848486,0.5072463768115942,0.9960629921259843,0.8921568627450981,nan,nan,nan,nan,12,36
0.08153616323782314,0.979871912168344,0.728259384089043,0.7318256235654448,0.725413925592395,1.0,0.9980582524271845,0.9814814814814815,0.9142857142857143,0.9725490196078431,0.9369369369369369,nan,nan,nan,nan,13,36
0.06871200843905921,0.9770220588235294,0.6407766652410182,0.6428196573827641,0.6397296561249084,0.9864864864864865,0.9964726631393298,1.0,0.8695652173913043,0.9723502304147466,0.9326923076923077,nan,nan,nan,nan,14,36
0.2675691490826596,0.9382379654859219,0.5669660469176379,0.5570338677628598,0.6411443783225026,0.9777777777777777,0.9904761904761905,0.9803921568627451,1.0,nan,nan,nan,nan,0.8855421686746988,0.9361111111111111,0,37
0.2439720280335418,0.9428312159709619,0.6557742935077016,0.6361940559692727,0.7091546674831963,1.0,1.0,0.992,0.8571428571428571,nan,nan,nan,nan,0.9140127388535032,0.9100817438692098,1,37
0.21681987973196165,0.9443938012762079,0.5724196088116482,0.5552838407690122,0.6461965654818634,1.0,0.9894736842105263,0.9834710743801653,1.0,nan,nan,nan,nan,0.9152542372881356,0.927570093457944,2,37
0.03779375954517298,0.9894736842105263,0.966450461341488,0.9632824062583306,0.9711547124076602,nan,nan,nan,nan,0.9906542056074766,1.0,0.9746835443037974,0.9949238578680203,0.9333333333333333,0.9333333333333333,3,37
0.03957626875482888,0.9903660886319846,0.9741109800696547,0.9765470305169738,0.9726125787181893,nan,nan,nan,nan,0.9865319865319865,1.0,0.9841269841269841,0.9983498349834984,0.9142857142857143,0.9523809523809523,4,37
0.05069529807104283,0.9886363636363636,0.9574307274412477,0.9572135471806525,0.9578674812909722,nan,nan,nan,nan,0.9934426229508196,0.9285714285714286,0.9696969696969697,0.9950819672131147,0.9473684210526315,0.9130434782608695,5,37
0.08392483830937525,0.9827586206896551,0.8069206335924644,0.8234111033280881,0.7927889713732037,nan,nan,nan,nan,0.9832214765100671,0.9411764705882353,0.9508196721311475,0.9983792544570502,0.9259259259259259,0.75,6,37
0.06430798719412979,0.9857549857549858,0.9579294402016969,0.957231921765262,0.9595793448422146,nan,nan,nan,nan,0.9935483870967742,1.0,0.9710144927536232,0.9932088285229203,0.9512195121951219,0.8484848484848485,7,37
0.8689786764708433,0.8207094918504314,0.4648482860911337,0.4649950617401256,0.5122886267618476,nan,nan,nan,nan,0.9831081081081081,0.9166666666666666,0.6901408450704225,0.7483552631578947,0.9,0.8846153846153846,8,37
0.03957677017746336,0.9914122137404581,0.9613185382281593,0.9683858605121273,0.9596308525443938,nan,nan,nan,nan,0.9966442953020134,1.0,1.0,1.0,0.8823529411764706,0.8787878787878788,9,37
0.10245752896897851,0.9770220588235294,0.7210989989601673,0.7213477875133472,0.7224406532616998,1.0,0.9927404718693285,1.0,0.890625,0.9714285714285714,0.9247311827956989,nan,nan,nan,nan,10,37
0.10041867647926077,0.9796296296296296,0.7275995641396126,0.7278415903438653,0.7277084440418153,0.9888888888888889,0.994059405940594,0.9782608695652174,0.9420289855072463,0.9758064516129032,0.9426229508196722,nan,nan,nan,nan,11,37
0.6636818628758192,0.8567518248175182,0.4958647530741535,0.5643200475159693,0.4566290551362663,0.7564102564102564,0.8842504743833017,0.5,0.5217391304347826,0.9921259842519685,0.9117647058823529,nan,nan,nan,nan,12,37
0.08053613350618564,0.9817017383348582,0.6493325449995133,0.6526243791170359,0.646552755044728,0.9886363636363636,0.9980582524271845,0.9814814814814815,0.9142857142857143,0.9725490196078431,0.963963963963964,nan,nan,nan,nan,13,37
0.0680727095259499,0.9770220588235294,0.6408120997505549,0.643064971821627,0.6397296561249084,0.9864864864864865,0.9964726631393298,1.0,0.8695652173913043,0.9723502304147466,0.9326923076923077,nan,nan,nan,nan,14,37
0.23300043517790203,0.9473206176203451,0.573311268944751,0.5603498537131604,0.6445140662244371,0.9777777777777777,0.9904761904761905,0.984313725490196,1.0,nan,nan,nan,nan,0.9036144578313253,0.9444444444444444,0,38
0.21191663496096486,0.9509981851179673,0.6691579935468035,0.6485741242268324,0.712565000880166,1.0,1.0,0.992,0.8571428571428571,nan,nan,nan,nan,0.9331210191082803,0.9182561307901907,1,38
0.19217056942288763,0.95077484047402,0.5166479495637109,0.5006440865614084,0.5834230993344375,1.0,0.9894736842105263,0.9834710743801653,1.0,nan,nan,nan,nan,0.9220338983050848,0.9392523364485982,2,38
0.03537144588853786,0.9904306220095693,0.9689936729791778,0.9588957300402593,0.9836191144571734,nan,nan,nan,nan,0.9844236760124611,1.0,0.9873417721518988,0.9966159052453468,0.9333333333333333,1.0,3,38
0.04506470665995204,0.9894026974951831,0.9658054697497453,0.9761095410386377,0.9590989257655923,nan,nan,nan,nan,0.9831649831649831,1.0,1.0,1.0,0.9142857142857143,0.8571428571428571,4,38
0.04895240504414356,0.9876893939393939,0.9530862168396682,0.9532280638820064,0.9550062655288301,nan,nan,nan,nan,0.9901639344262295,1.0,0.9696969696969697,0.9967213114754099,0.9473684210526315,0.8260869565217391,5,38
0.0755088189168391,0.9818007662835249,0.8040791213448611,0.8172790345548085,0.7923095849877769,nan,nan,nan,nan,0.9798657718120806,0.9411764705882353,0.9508196721311475,0.9983792544570502,0.9259259259259259,0.75,6,38
0.059681360821796814,0.9857549857549858,0.9587767742385397,0.9578689420113949,0.9605648092423132,nan,nan,nan,nan,0.9935483870967742,1.0,0.9710144927536232,0.9932088285229203,0.926829268292683,0.8787878787878788,7,38
0.8327781440633716,0.8370086289549377,0.47352688604791104,0.468724900837736,0.5239103527317018,nan,nan,nan,nan,0.9831081081081081,0.9166666666666666,0.7183098591549296,0.7697368421052632,0.9666666666666667,0.8846153846153846,8,38
0.042537554394309125,0.9914122137404581,0.9602246982562206,0.9662091631604214,0.9597793968105851,nan,nan,nan,nan,0.9966442953020134,1.0,1.0,1.0,0.8529411764705882,0.9090909090909091,9,38
0.10918312245998738,0.9761029411764706,0.7203709019205948,0.7212853655408128,0.7210965672401944,1.0,0.9927404718693285,1.0,0.890625,0.9714285714285714,0.9139784946236559,nan,nan,nan,nan,10,38
0.1111756170687252,0.975925925925926,0.7228388864802053,0.7232005624281235,0.7233436372529833,0.9888888888888889,0.994059405940594,0.9782608695652174,0.927536231884058,0.9717741935483871,0.9262295081967213,nan,nan,nan,nan,11,38
0.5758428329335792,0.8722627737226277,0.5065583716648927,0.5659138914773967,0.4700273184520281,0.7692307692307693,0.9013282732447818,0.5606060606060606,0.5652173913043478,0.9921259842519685,0.9117647058823529,nan,nan,nan,nan,12,38
0.09012839548553789,0.9789569990850869,0.6473206329673649,0.6516777901531369,0.6435497520417248,0.9886363636363636,0.9980582524271845,0.9814814814814815,0.9142857142857143,0.9725490196078431,0.9369369369369369,nan,nan,nan,nan,13,38
0.07413289439447159,0.9742647058823529,0.6383044258125431,0.641164021164021,0.6365245279197801,0.9864864864864865,0.9964726631393298,1.0,0.8695652173913043,0.9723502304147466,0.9038461538461539,nan,nan,nan,nan,14,38
0.34136037038240047,0.9209809264305178,0.5625912092598576,0.5548360199660771,0.6353031484793829,0.9777777777777777,0.9904761904761905,0.984313725490196,1.0,nan,nan,nan,nan,0.8734939759036144,0.8916666666666667,0,39
0.3217834438330361,0.9274047186932849,0.5223143466801407,0.5093828929200988,0.5608570169447693,0.9807692307692307,1.0,0.992,0.8571428571428571,nan,nan,nan,nan,0.9012738853503185,0.8773841961852861,1,39
0.29834016751098846,0.927073837739289,0.5094703649883965,0.49448622710221396,0.5765367255524083,1.0,0.9894736842105263,0.9793388429752066,1.0,nan,nan,nan,nan,0.9016949152542373,0.8948598130841121,2,39
0.03665144731930371,0.9913875598086125,0.9727414055794671,0.9726471207495525,0.9735464249452316,nan,nan,nan,nan,0.9906542056074766,1.0,0.9873417721518988,0.9966159052453468,0.9333333333333333,0.9333333333333333,3,39
0.036778555516224457,0.9922928709055877,0.9761372526648836,0.9777044422629757,0.9755331088664422,nan,nan,nan,nan,0.9865319865319865,1.0,1.0,1.0,0.9142857142857143,0.9523809523809523,4,39
0.049475190019179674,0.9886363636363636,0.9474895571962562,0.949545952132159,0.9461732042367523,nan,nan,nan,nan,0.9934426229508196,0.9285714285714286,0.9848484848484849,0.9967213114754099,0.9473684210526315,0.8260869565217391,5,39
0.08149161241057658,0.9818007662835249,0.802232784667251,0.81571919907328,0.7898586045956202,nan,nan,nan,nan,0.9798657718120806,0.8823529411764706,0.9508196721311475,0.9983792544570502,0.9259259259259259,0.7916666666666666,6,39
0.06541078906308447,0.9819563152896487,0.9456745482814665,0.9522711603268735,0.9413482534403915,nan,nan,nan,nan,0.9935483870967742,1.0,0.9710144927536232,0.9932088285229203,0.9024390243902439,0.7878787878787878,7,39
0.7541202162251328,0.8446788111217641,0.473548899144955,0.4708684458609089,0.5109672702296868,nan,nan,nan,nan,0.9864864864864865,0.9166666666666666,0.704225352112676,0.7894736842105263,0.8666666666666667,0.8461538461538461,8,39
0.03864923307118619,0.9914122137404581,0.9649590489067931,0.9742320514475177,0.9596308525443938,nan,nan,nan,nan,0.9966442953020134,1.0,1.0,1.0,0.8823529411764706,0.8787878787878788,9,39
0.10012772463586075,0.9806985294117647,0.7243364461077346,0.7231035755594578,0.7269831154078487,1.0,0.9927404718693285,1.0,0.890625,0.9755102040816327,0.956989247311828,nan,nan,nan,nan,10,39
0.09468154025136541,0.9833333333333333,0.7278361765167226,0.7273075350861729,0.7289375690351092,0.9888888888888889,0.994059405940594,0.9782608695652174,0.927536231884058,0.9919354838709677,0.9508196721311475,nan,nan,nan,nan,11,39
0.6221074439585209,0.8667883211678832,0.5025780810778122,0.5651477713021617,0.46475932400591696,0.782051282051282,0.8956356736242884,0.5454545454545454,0.5362318840579711,0.9960629921259843,0.8921568627450981,nan,nan,nan,nan,12,39
0.07457340208640224,0.9817017383348582,0.6486009318069895,0.6517201544331085,0.6459874838912215,0.9886363636363636,0.9980582524271845,0.9814814814814815,0.9142857142857143,0.9764705882352941,0.954954954954955,nan,nan,nan,nan,13,39
0.060758042750796236,0.9797794117647058,0.5783755603111631,0.5801298019039954,0.577639887960131,0.9864864864864865,0.9964726631393298,1.0,0.8695652173913043,0.9815668202764977,0.9423076923076923,nan,nan,nan,nan,14,39
0.23926164744937392,0.9418710263396912,0.5098353158001806,0.49894825877684357,0.578510372020294,0.9777777777777777,0.9904761904761905,0.9882352941176471,1.0,nan,nan,nan,nan,0.9036144578313253,0.925,0,40
0.22824302308061825,0.9455535390199638,0.5847476233149069,0.5645452341731634,0.6314212755547732,1.0,1.0,0.992,0.8571428571428571,nan,nan,nan,nan,0.9235668789808917,0.9100817438692098,1,40
0.21193182856493098,0.9416590701914311,0.5097400952952323,0.4938227949310579,0.5808759743542379,1.0,0.9894736842105263,0.9834710743801653,1.0,nan,nan,nan,nan,0.9152542372881356,0.9205607476635514,2,40
0.037957613369337305,0.9913875598086125,0.9681779886538942,0.9643511752527097,0.9735464249452316,nan,nan,nan,nan,0.9906542056074766,1.0,0.9873417721518988,0.9966159052453468,0.9333333333333333,0.9333333333333333,3,40
0.037342102106010494,0.9922928709055877,0.9761372526648836,0.9777044422629757,0.9755331088664422,nan,nan,nan,nan,0.9865319865319865,1.0,1.0,1.0,0.9142857142857143,0.9523809523809523,4,40
0.049515847544315955,0.990530303030303,0.9612908254111213,0.9622914268890345,0.9606659578599407,nan,nan,nan,nan,0.9934426229508196,0.9285714285714286,0.9848484848484849,0.9967213114754099,0.9473684210526315,0.9130434782608695,5,40
0.08394262179165184,0.9827586206896551,0.8050993925921236,0.8216038961706164,0.7903379909810468,nan,nan,nan,nan,0.9832214765100671,0.8823529411764706,0.9508196721311475,0.9983792544570502,0.9259259259259259,0.7916666666666666,6,40
0.06372472394908074,0.9848053181386515,0.955628065893202,0.9568426031932956,0.9555143041918082,nan,nan,nan,nan,0.9935483870967742,1.0,0.9710144927536232,0.9932088285229203,0.926829268292683,0.8484848484848485,7,40
0.7321820679036054,0.8264621284755513,0.48177268612761204,0.4825490196078432,0.5139920814781822,nan,nan,nan,nan,0.9628378378378378,0.9166666666666666,0.704225352112676,0.7664473684210527,0.8666666666666667,0.9230769230769231,8,40
0.03888559944057719,0.9914122137404581,0.9600771810873825,0.9659241741911231,0.9596308525443938,nan,nan,nan,nan,0.9966442953020134,1.0,1.0,1.0,0.8823529411764706,0.8787878787878788,9,40
0.11838866290396682,0.9751838235294118,0.7188081181360831,0.7196864371677862,0.7197524812186891,1.0,0.9927404718693285,1.0,0.890625,0.9714285714285714,0.9032258064516129,nan,nan,nan,nan,10,40
0.10615369641335051,0.9731481481481481,0.6399763570353909,0.6391856183454014,0.642003774038044,0.9777777777777777,0.994059405940594,0.9782608695652174,0.9420289855072463,0.9596774193548387,0.9262295081967213,nan,nan,nan,nan,11,40
0.6460527167788573,0.8594890510948905,0.5049348519391562,0.5647492923354992,0.4675052070073855,0.7948717948717948,0.8747628083491461,0.5606060606060606,0.5507246376811594,0.9921259842519685,0.9019607843137255,nan,nan,nan,nan,12,40
0.08517922487454987,0.9789569990850869,0.727790195859568,0.7307849707244394,0.7255596595616584,1.0,0.9980582524271845,0.9814814814814815,0.9142857142857143,0.9647058823529412,0.9459459459459459,nan,nan,nan,nan,13,40
0.07056255735540831,0.9770220588235294,0.6414023947515481,0.6442582611755799,0.6399555164034931,0.9864864864864865,0.9982363315696648,1.0,0.8840579710144928,0.967741935483871,0.9230769230769231,nan,nan,nan,nan,14,40
0.2349129230815119,0.9455040871934605,0.5697721189560387,0.5580141669494617,0.6438186921354887,0.9777777777777777,0.9904761904761905,0.984313725490196,1.0,nan,nan,nan,nan,0.8945783132530121,0.9472222222222222,0,41
0.20883785711734423,0.9528130671506352,0.6606355836276078,0.6392520903285273,0.7131312203563804,1.0,1.0,0.992,0.8571428571428571,nan,nan,nan,nan,0.9267515923566879,0.9291553133514986,1,41
0.18624519271304182,0.9571558796718322,0.5773481366473088,0.560358760290768,0.6502992108168865,1.0,0.9894736842105263,0.9834710743801653,1.0,nan,nan,nan,nan,0.9288135593220339,0.9509345794392523,2,41
0.037524215529760055,0.9904306220095693,0.9668472516967372,0.9637888466512522,0.9714367203038813,nan,nan,nan,nan,0.9906542056074766,1.0,0.9746835443037974,0.9966159052453468,0.9333333333333333,0.9333333333333333,3,41
0.0363023454093519,0.9913294797687862,0.9745258777522977,0.9771038605977754,0.9728876062209396,nan,nan,nan,nan,0.9865319865319865,1.0,0.9841269841269841,1.0,0.9142857142857143,0.9523809523809523,4,41
0.048974164637525755,0.9895833333333334,0.957837121881082,0.95774807234568,0.9581407053346881,nan,nan,nan,nan,0.9934426229508196,0.9285714285714286,0.9696969696969697,0.9967213114754099,0.9473684210526315,0.9130434782608695,5,41
0.0856887088469996,0.9818007662835249,0.802232784667251,0.81571919907328,0.7898586045956202,nan,nan,nan,nan,0.9798657718120806,0.8823529411764706,0.9508196721311475,0.9983792544570502,0.9259259259259259,0.7916666666666666,6,41
0.06021568271783141,0.9848053181386515,0.955628065893202,0.9568426031932956,0.9555143041918082,nan,nan,nan,nan,0.9935483870967742,1.0,0.9710144927536232,0.9932088285229203,0.926829268292683,0.8484848484848485,7,41
0.794962333910393,0.8322147651006712,0.4730874646833997,0.4722642803101948,0.5207661224761855,nan,nan,nan,nan,0.9763513513513513,0.9166666666666666,0.6901408450704225,0.7680921052631579,0.9333333333333333,0.9230769230769231,8,41
0.037170730383340095,0.9923664122137404,0.9678194612086948,0.9745026055636722,0.9645328133287076,nan,nan,nan,nan,0.9966442953020134,1.0,1.0,1.0,0.9117647058823529,0.8787878787878788,9,41
0.10855232817865566,0.9751838235294118,0.7215715921167654,0.7226785077785356,0.7220292840769291,1.0,0.9927404718693285,1.0,0.90625,0.963265306122449,0.9139784946236559,nan,nan,nan,nan,10,41
0.11130464174322482,0.9777777777777777,0.7264659968493716,0.7266275226749536,0.7269668256587805,0.9888888888888889,0.994059405940594,0.9782608695652174,0.9565217391304348,0.9717741935483871,0.9262295081967213,nan,nan,nan,nan,11,41
0.649659825861454,0.8622262773722628,0.5076799905811857,0.56550277308898,0.47135136085353935,0.8333333333333334,0.8747628083491461,0.5606060606060606,0.5507246376811594,0.9921259842519685,0.9019607843137255,nan,nan,nan,nan,12,41
0.09065036814083993,0.9762122598353157,0.6438681929275964,0.6471613567691517,0.6411120201922285,0.9886363636363636,0.9980582524271845,0.9814814814814815,0.9142857142857143,0.9686274509803922,0.918918918918919,nan,nan,nan,nan,13,41
0.07383950989413493,0.9770220588235294,0.6424483039896409,0.6449656116322783,0.6408135159044203,0.9864864864864865,0.9964726631393298,1.0,0.8985507246376812,0.9723502304147466,0.9134615384615384,nan,nan,nan,nan,14,41
0.24220866941364616,0.9436875567665758,0.5675707667844289,0.5561519850272604,0.6431753781387611,0.9777777777777777,0.9904761904761905,0.984313725490196,1.0,nan,nan,nan,nan,0.891566265060241,0.9444444444444444,0,42
0.2126719049714406,0.9500907441016334,0.58572398352916,0.5679914708638626,0.632986152881118,1.0,1.0,0.992,0.8571428571428571,nan,nan,nan,nan,0.9267515923566879,0.9209809264305178,1,42
0.18845129495072926,0.9535095715587967,0.5175982347357944,0.5015983844760301,0.5842293721049111,1.0,0.9894736842105263,0.9834710743801653,1.0,nan,nan,nan,nan,0.9254237288135593,0.9439252336448598,2,42
0.03807748196954614,0.9904306220095693,0.9668472516967372,0.9637888466512522,0.9714367203038813,nan,nan,nan,nan,0.9906542056074766,1.0,0.9746835443037974,0.9966159052453468,0.9333333333333333,0.9333333333333333,3,42
0.036699038469054576,0.9922928709055877,0.9761372526648836,0.9777044422629757,0.9755331088664422,nan,nan,nan,nan,0.9865319865319865,1.0,1.0,1.0,0.9142857142857143,0.9523809523809523,4,42
0.05018306133345532,0.9895833333333334,0.957837121881082,0.95774807234568,0.9581407053346881,nan,nan,nan,nan,0.9934426229508196,0.9285714285714286,0.9696969696969697,0.9967213114754099,0.9473684210526315,0.9130434782608695,5,42
0.08892012014354123,0.9827586206896551,0.8050993925921236,0.8216038961706164,0.7903379909810468,nan,nan,nan,nan,0.9832214765100671,0.8823529411764706,0.9508196721311475,0.9983792544570502,0.9259259259259259,0.7916666666666666,6,42
0.06221624814763666,0.9848053181386515,0.955628065893202,0.9568426031932956,0.9555143041918082,nan,nan,nan,nan,0.9935483870967742,1.0,0.9710144927536232,0.9932088285229203,0.926829268292683,0.8484848484848485,7,42
0.8045241927558725,0.8370086289549377,0.4789431263499096,0.47906144781144777,0.5224857396099983,nan,nan,nan,nan,0.9695945945945946,0.9166666666666666,0.704225352112676,0.7779605263157895,0.9333333333333333,0.9230769230769231,8,42
0.037746847489098866,0.9923664122137404,0.9678194612086948,0.9745026055636722,0.9645328133287076,nan,nan,nan,nan,0.9966442953020134,1.0,1.0,1.0,0.9117647058823529,0.8787878787878788,9,42
0.11065474183680421,0.9751838235294118,0.7214098384295524,0.7229243640899238,0.7214202450984346,1.0,0.9927404718693285,1.0,0.890625,0.963265306122449,0.9247311827956989,nan,nan,nan,nan,10,42
0.11349933127905174,0.9787037037037037,0.7270547593976322,0.727814428240432,0.7266838538778808,0.9888888888888889,0.994059405940594,0.9782608695652174,0.9420289855072463,0.9758064516129032,0.9344262295081968,nan,nan,nan,nan,11,42
0.6580274361584868,0.8631386861313869,0.5066558890717373,0.5656419608534684,0.47034746828541946,0.8333333333333334,0.8785578747628083,0.5757575757575758,0.5217391304347826,0.9921259842519685,0.9019607843137255,nan,nan,nan,nan,12,42
0.09149757101596541,0.979871912168344,0.6478514559308602,0.6516973830134986,0.6445507530427259,0.9886363636363636,0.9980582524271845,0.9814814814814815,0.9142857142857143,0.9725490196078431,0.9459459459459459,nan,nan,nan,nan,13,42
0.07357505209839633,0.9779411764705882,0.6430278461513331,0.645010505010505,0.6418818919727963,0.9864864864864865,0.9964726631393298,1.0,0.8985507246376812,0.9723502304147466,0.9230769230769231,nan,nan,nan,nan,14,42
0.2570085265690328,0.9436875567665758,0.5682445980160791,0.5558383500037021,0.6430743203126856,0.9777777777777777,0.9904761904761905,0.9803921568627451,1.0,nan,nan,nan,nan,0.8945783132530121,0.9444444444444444,0,43
0.22746164503124808,0.9509981851179673,0.587965540829245,0.5699433683224447,0.6333400099228732,1.0,1.0,0.992,0.8571428571428571,nan,nan,nan,nan,0.9299363057324841,0.9209809264305178,1,43
0.20289945018718883,0.9535095715587967,0.5176568880162402,0.5016029677042382,0.5843347102959455,1.0,0.9894736842105263,0.9834710743801653,1.0,nan,nan,nan,nan,0.9288135593220339,0.9415887850467289,2,43
0.039388417026244,0.9904306220095693,0.9668472516967372,0.9637888466512522,0.9714367203038813,nan,nan,nan,nan,0.9906542056074766,1.0,0.9746835443037974,0.9966159052453468,0.9333333333333333,0.9333333333333333,3,43
0.03750466213216506,0.9913294797687862,0.9745258777522977,0.9771038605977754,0.9728876062209396,nan,nan,nan,nan,0.9865319865319865,1.0,0.9841269841269841,1.0,0.9142857142857143,0.9523809523809523,4,43
0.0509566324608007,0.9895833333333334,0.957837121881082,0.95774807234568,0.9581407053346881,nan,nan,nan,nan,0.9934426229508196,0.9285714285714286,0.9696969696969697,0.9967213114754099,0.9473684210526315,0.9130434782608695,5,43
0.09149507493185982,0.9827586206896551,0.8050993925921236,0.8216038961706164,0.7903379909810468,nan,nan,nan,nan,0.9832214765100671,0.8823529411764706,0.9508196721311475,0.9983792544570502,0.9259259259259259,0.7916666666666666,6,43
0.06308371631055013,0.9848053181386515,0.955628065893202,0.9568426031932956,0.9555143041918082,nan,nan,nan,nan,0.9935483870967742,1.0,0.9710144927536232,0.9932088285229203,0.926829268292683,0.8484848484848485,7,43
0.8017670507683898,0.840843720038351,0.47690538898443213,0.4758998593037312,0.5185647054721368,nan,nan,nan,nan,0.9763513513513513,0.9166666666666666,0.6901408450704225,0.7845394736842105,0.9333333333333333,0.8846153846153846,8,43
0.03870062528578659,0.9923664122137404,0.9678194612086948,0.9745026055636722,0.9645328133287076,nan,nan,nan,nan,0.9966442953020134,1.0,1.0,1.0,0.9117647058823529,0.8787878787878788,9,43
0.11123890080724617,0.9761029411764706,0.7218357806589621,0.7226785077785356,0.7225394881585618,1.0,0.9927404718693285,1.0,0.90625,0.9673469387755103,0.9139784946236559,nan,nan,nan,nan,10,43
0.11485562476809719,0.9787037037037037,0.7270547593976322,0.727814428240432,0.7266838538778808,0.9888888888888889,0.994059405940594,0.9782608695652174,0.9420289855072463,0.9758064516129032,0.9344262295081968,nan,nan,nan,nan,11,43
0.6468311800355357,0.8768248175182481,0.5157565319781184,0.5685272804003846,0.4809485288039784,0.8333333333333334,0.8956356736242884,0.6212121212121212,0.5652173913043478,0.9921259842519685,0.9019607843137255,nan,nan,nan,nan,12,43
0.09222685427633093,0.9789569990850869,0.6465460021273746,0.6500201884955352,0.6435497520417248,0.9886363636363636,0.9980582524271845,0.9814814814814815,0.9142857142857143,0.9725490196078431,0.9369369369369369,nan,nan,nan,nan,13,43
0.0733942852659097,0.9788602941176471,0.6436017342431553,0.645054509410945,0.6429502680411725,0.9864864864864865,0.9964726631393298,1.0,0.8985507246376812,0.9723502304147466,0.9326923076923077,nan,nan,nan,nan,14,43
0.2589397831449917,0.9464123524069028,0.5719508493202914,0.5599860089197638,0.6441793942030182,0.9777777777777777,0.9904761904761905,0.984313725490196,1.0,nan,nan,nan,nan,0.9006024096385542,0.9444444444444444,0,44
0.23102797815809026,0.9528130671506352,0.5892993550160815,0.5716335745659525,0.6340872094384652,1.0,1.0,0.996,0.8571428571428571,nan,nan,nan,nan,0.9299363057324841,0.9237057220708447,1,44
0.2039625486255058,0.9544211485870556,0.5190765039003578,0.5039652522907714,0.5845683551557586,1.0,0.9894736842105263,0.9834710743801653,1.0,nan,nan,nan,nan,0.9288135593220339,0.9439252336448598,2,44
0.039895219148020675,0.9904306220095693,0.9668472516967372,0.9637888466512522,0.9714367203038813,nan,nan,nan,nan,0.9906542056074766,1.0,0.9746835443037974,0.9966159052453468,0.9333333333333333,0.9333333333333333,3,44
0.03779018964962989,0.9913294797687862,0.9745258777522977,0.9771038605977754,0.9728876062209396,nan,nan,nan,nan,0.9865319865319865,1.0,0.9841269841269841,1.0,0.9142857142857143,0.9523809523809523,4,44
0.05172165300453371,0.9895833333333334,0.957837121881082,0.95774807234568,0.9581407053346881,nan,nan,nan,nan,0.9934426229508196,0.9285714285714286,0.9696969696969697,0.9967213114754099,0.9473684210526315,0.9130434782608695,5,44
0.09371580417648791,0.9827586206896551,0.8050993925921236,0.8216038961706164,0.7903379909810468,nan,nan,nan,nan,0.9832214765100671,0.8823529411764706,0.9508196721311475,0.9983792544570502,0.9259259259259259,0.7916666666666666,6,44
0.06410334004168677,0.9848053181386515,0.955628065893202,0.9568426031932956,0.9555143041918082,nan,nan,nan,nan,0.9935483870967742,1.0,0.9710144927536232,0.9932088285229203,0.926829268292683,0.8484848484848485,7,44
0.7897997733318445,0.8485139022051774,0.4789875671239646,0.47469565285921445,0.5223684489858508,nan,nan,nan,nan,0.9763513513513513,0.9166666666666666,0.7183098591549296,0.7944078947368421,0.9333333333333333,0.8846153846153846,8,44
0.03919712095385173,0.9923664122137404,0.9678194612086948,0.9745026055636722,0.9645328133287076,nan,nan,nan,nan,0.9966442953020134,1.0,1.0,1.0,0.9117647058823529,0.8787878787878788,9,44
0.11127613155151587,0.9779411764705882,0.7241230473635925,0.7243497813248091,0.7252276602015726,1.0,0.9927404718693285,1.0,0.90625,0.9673469387755103,0.9354838709677419,nan,nan,nan,nan,10,44
0.11696210476400344,0.9787037037037037,0.7270547593976322,0.727814428240432,0.7266838538778808,0.9888888888888889,0.994059405940594,0.9782608695652174,0.9420289855072463,0.9758064516129032,0.9344262295081968,nan,nan,nan,nan,11,44
0.6463133297062346,0.8813868613138686,0.5187812514850092,0.569616979038094,0.48448221564349814,0.8333333333333334,0.9013282732447818,0.6363636363636364,0.5797101449275363,0.9921259842519685,0.9019607843137255,nan,nan,nan,nan,12,44
0.09304456542821364,0.9789569990850869,0.6465460021273746,0.6500201884955352,0.6435497520417248,0.9886363636363636,0.9980582524271845,0.9814814814814815,0.9142857142857143,0.9725490196078431,0.9369369369369369,nan,nan,nan,nan,13,44
0.07398838222461028,0.9788602941176471,0.6436017342431553,0.645054509410945,0.6429502680411725,0.9864864864864865,0.9964726631393298,1.0,0.8985507246376812,0.9723502304147466,0.9326923076923077,nan,nan,nan,nan,14,44
0.2388751267095878,0.9509536784741145,0.572829572781022,0.5599934537006896,0.6458006942178924,0.9777777777777777,0.9904761904761905,0.984313725490196,1.0,nan,nan,nan,nan,0.9096385542168675,0.95,0,45
0.20749230619652995,0.9546279491833031,0.5306225479684809,0.5144123795408692,0.571223447622684,1.0,1.0,0.996,0.8571428571428571,nan,nan,nan,nan,0.9299363057324841,0.9291553133514986,1,45
0.18270398378403374,0.9571558796718322,0.5734577462669437,0.5578003097606555,0.6492721831389212,1.0,0.9789473684210527,0.9834710743801653,1.0,nan,nan,nan,nan,0.9254237288135593,0.955607476635514,2,45
0.04019878747478708,0.9913875598086125,0.9718131606170314,0.9723752409230609,0.9719559311034659,nan,nan,nan,nan,0.9937694704049844,1.0,0.9746835443037974,0.9966159052453468,0.9333333333333333,0.9333333333333333,3,45
0.038445973545291834,0.9913294797687862,0.9817320342482758,0.9848023057606055,0.9794588188977628,nan,nan,nan,nan,0.9831649831649831,1.0,1.0,0.9983498349834984,0.9428571428571428,0.9523809523809523,4,45
0.05280502612777816,0.9895833333333334,0.957837121881082,0.95774807234568,0.9581407053346881,nan,nan,nan,nan,0.9934426229508196,0.9285714285714286,0.9696969696969697,0.9967213114754099,0.9473684210526315,0.9130434782608695,5,45
0.09586082999121305,0.9827586206896551,0.8050993925921236,0.8216038961706164,0.7903379909810468,nan,nan,nan,nan,0.9832214765100671,0.8823529411764706,0.9508196721311475,0.9983792544570502,0.9259259259259259,0.7916666666666666,6,45
0.06532555106190496,0.9848053181386515,0.955628065893202,0.9568426031932956,0.9555143041918082,nan,nan,nan,nan,0.9935483870967742,1.0,0.9710144927536232,0.9932088285229203,0.926829268292683,0.8484848484848485,7,45
0.7598046177264416,0.8533077660594439,0.4781883339204608,0.4725610749185668,0.5266991334152195,nan,nan,nan,nan,0.972972972972973,0.9166666666666666,0.7183098591549296,0.8026315789473685,0.9333333333333333,0.9230769230769231,8,45
0.039778946484620006,0.9923664122137404,0.9678194612086948,0.9745026055636722,0.9645328133287076,nan,nan,nan,nan,0.9966442953020134,1.0,1.0,1.0,0.9117647058823529,0.8787878787878788,9,45
0.11968856619312325,0.9742647058823529,0.720834943866305,0.722629526587313,0.7206851980554239,1.0,0.9927404718693285,1.0,0.90625,0.963265306122449,0.9032258064516129,nan,nan,nan,nan,10,45
0.1305262158754939,0.9768518518518519,0.7271453050412738,0.7289043716296384,0.725942235494846,0.9888888888888889,0.994059405940594,0.9782608695652174,0.9565217391304348,0.9717741935483871,0.9180327868852459,nan,nan,nan,nan,11,45
0.6439223702863923,0.8832116788321168,0.5189907721766656,0.569617858050787,0.48486172228486435,0.8333333333333334,0.905123339658444,0.6363636363636364,0.5797101449275363,0.9921259842519685,0.9019607843137255,nan,nan,nan,nan,12,45
0.10128897894262212,0.9743824336688015,0.6427824637178676,0.6455969348109565,0.6404605406144209,0.9886363636363636,0.996116504854369,0.9814814814814815,0.9142857142857143,0.9647058823529412,0.918918918918919,nan,nan,nan,nan,13,45
0.08261234352042213,0.9742647058823529,0.639661457246057,0.6417093791305208,0.638480800608742,0.9864864864864865,0.9947089947089947,1.0,0.8985507246376812,0.9723502304147466,0.8942307692307693,nan,nan,nan,nan,14,45
0.2629195582888704,0.9436875567665758,0.5695347451972856,0.5564670246206277,0.6431003503587959,0.9777777777777777,0.9904761904761905,0.9803921568627451,1.0,nan,nan,nan,nan,0.8975903614457831,0.9416666666666667,0,46
0.23110261821420863,0.9509981851179673,0.5291339932835971,0.5128904546640588,0.5700415458194594,1.0,1.0,0.996,0.8571428571428571,nan,nan,nan,nan,0.9235668789808917,0.9237057220708447,1,46
0.2070427493488491,0.9516864175022789,0.5710117992090429,0.5547754402858596,0.6477145507401674,1.0,0.9789473684210527,0.9834710743801653,1.0,nan,nan,nan,nan,0.9254237288135593,0.9415887850467289,2,46
0.040559874936587734,0.9904306220095693,0.8328613356706199,0.8334644922197665,0.832863362749067,nan,nan,nan,nan,0.9937694704049844,1.0,0.9746835443037974,0.9949238578680203,0.9333333333333333,0.9333333333333333,3,46
0.03885392428669724,0.9922928709055877,0.9844967330740961,0.9853634341667702,0.9842207236596675,nan,nan,nan,nan,0.9831649831649831,1.0,1.0,0.9983498349834984,0.9714285714285714,0.9523809523809523,4,46
0.053509430229715264,0.9895833333333334,0.957837121881082,0.95774807234568,0.9581407053346881,nan,nan,nan,nan,0.9934426229508196,0.9285714285714286,0.9696969696969697,0.9967213114754099,0.9473684210526315,0.9130434782608695,5,46
0.09760372110294213,0.9827586206896551,0.8050993925921236,0.8216038961706164,0.7903379909810468,nan,nan,nan,nan,0.9832214765100671,0.8823529411764706,0.9508196721311475,0.9983792544570502,0.9259259259259259,0.7916666666666666,6,46
0.06609999482681027,0.9848053181386515,0.955628065893202,0.9568426031932956,0.9555143041918082,nan,nan,nan,nan,0.9935483870967742,1.0,0.9710144927536232,0.9932088285229203,0.926829268292683,0.8484848484848485,7,46
0.7702752866528251,0.8552253116011506,0.48061822529879616,0.47553583550761624,0.5235197647753245,nan,nan,nan,nan,0.9763513513513513,0.9166666666666666,0.7183098591549296,0.805921052631579,0.9333333333333333,0.8846153846153846,8,46
0.04001893950004559,0.9923664122137404,0.9678194612086948,0.9745026055636722,0.9645328133287076,nan,nan,nan,nan,0.9966442953020134,1.0,1.0,1.0,0.9117647058823529,0.8787878787878788,9,46
0.1153963441722547,0.9770220588235294,0.7225643338737032,0.7227263882688317,0.7238835741800672,1.0,0.9927404718693285,1.0,0.90625,0.9673469387755103,0.9247311827956989,nan,nan,nan,nan,10,46
0.12222342148165541,0.9777777777777777,0.7265053764645426,0.7277867978248705,0.7256592637139464,0.9888888888888889,0.994059405940594,0.9782608695652174,0.9420289855072463,0.9758064516129032,0.9262295081967213,nan,nan,nan,nan,11,46
0.647179024167625,0.8832116788321168,0.5189907721766656,0.569617858050787,0.48486172228486435,0.8333333333333334,0.905123339658444,0.6363636363636364,0.5797101449275363,0.9921259842519685,0.9019607843137255,nan,nan,nan,nan,12,46
0.09503077109979391,0.9780420860018298,0.6456744899897467,0.6484120674844291,0.6433340023114121,0.9886363636363636,0.996116504854369,0.9814814814814815,0.9142857142857143,0.9725490196078431,0.9369369369369369,nan,nan,nan,nan,13,46
0.0772878825448649,0.9770220588235294,0.642167807123395,0.6434047034047033,0.6416859288138702,0.9864864864864865,0.9947089947089947,1.0,0.8985507246376812,0.9723502304147466,0.9230769230769231,nan,nan,nan,nan,14,46
0.2643166929985455,0.9473206176203451,0.5739819176391284,0.5615867302874856,0.6445400962705475,0.9777777777777777,0.9904761904761905,0.984313725490196,1.0,nan,nan,nan,nan,0.9066265060240963,0.9416666666666667,0,47
0.2351484886719845,0.9519056261343013,0.5301981717905508,0.5144678953615456,0.570360017157039,1.0,1.0,0.996,0.8571428571428571,nan,nan,nan,nan,0.9267515923566879,0.9237057220708447,1,47
0.20610227202560055,0.95077484047402,0.5145142319463037,0.5007533455886731,0.5825298725256547,1.0,0.9789473684210527,0.9793388429752066,1.0,nan,nan,nan,nan,0.9254237288135593,0.9415887850467289,2,47
0.04119595055515667,0.9904306220095693,0.8328613356706199,0.8334644922197665,0.832863362749067,nan,nan,nan,nan,0.9937694704049844,1.0,0.9746835443037974,0.9949238578680203,0.9333333333333333,0.9333333333333333,3,47
0.03932402859668428,0.9922928709055877,0.9844967330740961,0.9853634341667702,0.9842207236596675,nan,nan,nan,nan,0.9831649831649831,1.0,1.0,0.9983498349834984,0.9714285714285714,0.9523809523809523,4,47
0.05423580416787991,0.9886363636363636,0.9535592665629431,0.956308200198755,0.950894328523094,nan,nan,nan,nan,0.9934426229508196,0.9285714285714286,0.9696969696969697,0.9967213114754099,0.9473684210526315,0.8695652173913043,5,47
0.099782609387765,0.9827586206896551,0.8050993925921236,0.8216038961706164,0.7903379909810468,nan,nan,nan,nan,0.9832214765100671,0.8823529411764706,0.9508196721311475,0.9983792544570502,0.9259259259259259,0.7916666666666666,6,47
0.06738709923933692,0.9848053181386515,0.955628065893202,0.9568426031932956,0.9555143041918082,nan,nan,nan,nan,0.9935483870967742,1.0,0.9710144927536232,0.9932088285229203,0.926829268292683,0.8484848484848485,7,47
0.7767581303011287,0.8533077660594439,0.4756365075978917,0.47054778787576146,0.5219468403868885,nan,nan,nan,nan,0.9763513513513513,0.9166666666666666,0.704225352112676,0.8042763157894737,0.9333333333333333,0.8846153846153846,8,47
0.04063536758508235,0.9923664122137404,0.9678194612086948,0.9745026055636722,0.9645328133287076,nan,nan,nan,nan,0.9966442953020134,1.0,1.0,1.0,0.9117647058823529,0.8787878787878788,9,47
0.1154274020510082,0.9779411764705882,0.7241230473635925,0.7243497813248091,0.7252276602015726,1.0,0.9927404718693285,1.0,0.90625,0.9673469387755103,0.9354838709677419,nan,nan,nan,nan,10,47
0.12119547410293308,0.9787037037037037,0.7270547593976322,0.727814428240432,0.7266838538778808,0.9888888888888889,0.994059405940594,0.9782608695652174,0.9420289855072463,0.9758064516129032,0.9344262295081968,nan,nan,nan,nan,11,47
0.6459010957507416,0.8859489051094891,0.5203954858975781,0.5698517149874641,0.4869603279081005,0.8333333333333334,0.9070208728652751,0.6515151515151515,0.5797101449275363,0.9960629921259843,0.9019607843137255,nan,nan,nan,nan,12,47
0.09773709671165176,0.9789569990850869,0.6465460021273746,0.6500201884955352,0.6435497520417248,0.9886363636363636,0.9980582524271845,0.9814814814814815,0.9142857142857143,0.9725490196078431,0.9369369369369369,nan,nan,nan,nan,13,47
0.07645314112107157,0.9779411764705882,0.6427416952152173,0.6434487078051434,0.6427543048822463,0.9864864864864865,0.9947089947089947,1.0,0.8985507246376812,0.9723502304147466,0.9326923076923077,nan,nan,nan,nan,14,47
0.24012946950824698,0.9509536784741145,0.5761782043999559,0.5624562488609853,0.6457256664379272,0.9777777777777777,0.9904761904761905,0.9803921568627451,1.0,nan,nan,nan,nan,0.9156626506024096,0.9472222222222222,0,48
0.2121756493246981,0.9537205081669692,0.5345612577375755,0.519658633191804,0.569346362473154,0.9807692307692307,1.0,0.996,0.8571428571428571,nan,nan,nan,nan,0.9331210191082803,0.9264305177111717,1,48
0.1838773847788356,0.9580674567000912,0.5811870399675398,0.5626676092772112,0.6505933696626632,1.0,0.9894736842105263,0.9793388429752066,1.0,nan,nan,nan,nan,0.9355932203389831,0.9509345794392523,2,48
0.04148334501589478,0.9904306220095693,0.8328613356706199,0.8334644922197665,0.832863362749067,nan,nan,nan,nan,0.9937694704049844,1.0,0.9746835443037974,0.9949238578680203,0.9333333333333333,0.9333333333333333,3,48
0.039699404551467775,0.9922928709055877,0.9844967330740961,0.9853634341667702,0.9842207236596675,nan,nan,nan,nan,0.9831649831649831,1.0,1.0,0.9983498349834984,0.9714285714285714,0.9523809523809523,4,48
0.054780940712629705,0.9895833333333334,0.957837121881082,0.95774807234568,0.9581407053346881,nan,nan,nan,nan,0.9934426229508196,0.9285714285714286,0.9696969696969697,0.9967213114754099,0.9473684210526315,0.9130434782608695,5,48
0.10122870250565819,0.9827586206896551,0.8050993925921236,0.8216038961706164,0.7903379909810468,nan,nan,nan,nan,0.9832214765100671,0.8823529411764706,0.9508196721311475,0.9983792544570502,0.9259259259259259,0.7916666666666666,6,48
0.06798308263996726,0.9848053181386515,0.955628065893202,0.9568426031932956,0.9555143041918082,nan,nan,nan,nan,0.9935483870967742,1.0,0.9710144927536232,0.9932088285229203,0.926829268292683,0.8484848484848485,7,48
0.6707175726240332,0.8696069031639502,0.48542114789353824,0.47845414517465323,0.5298419143540529,nan,nan,nan,nan,0.9797297297297297,0.9166666666666666,0.7183098591549296,0.8273026315789473,0.9333333333333333,0.9230769230769231,8,48
0.04079953501273318,0.9923664122137404,0.9678194612086948,0.9745026055636722,0.9645328133287076,nan,nan,nan,nan,0.9966442953020134,1.0,1.0,1.0,0.9117647058823529,0.8787878787878788,9,48
0.11316526496214946,0.9761029411764706,0.7221300213708687,0.7229854141509738,0.7227643311199399,1.0,0.9927404718693285,1.0,0.890625,0.963265306122449,0.9354838709677419,nan,nan,nan,nan,10,48
0.1183764829810945,0.9777777777777777,0.7276995494809506,0.7289234410423004,0.7269668256587805,0.9888888888888889,0.994059405940594,0.9782608695652174,0.9565217391304348,0.9717741935483871,0.9262295081967213,nan,nan,nan,nan,11,48
0.6456549290035453,0.8868613138686131,0.5197393595253643,0.5665669015554124,0.4874808931203541,0.8333333333333334,0.9108159392789373,0.6666666666666666,0.5797101449275363,0.9921259842519685,0.8921568627450981,nan,nan,nan,nan,12,48
0.09736977651113453,0.9789569990850869,0.6470689515400954,0.6504806415709506,0.6441150231952313,0.9886363636363636,0.9980582524271845,0.9814814814814815,0.9142857142857143,0.9686274509803922,0.9459459459459459,nan,nan,nan,nan,13,48
0.07918177297064818,0.9761029411764706,0.6398789564534808,0.6420743201005098,0.6383222682758729,0.9864864864864865,0.9964726631393298,0.9824561403508771,0.8840579710144928,0.9723502304147466,0.9230769230769231,nan,nan,nan,nan,14,48
0.2543337664777937,0.9500454132606722,0.5760734444632205,0.5624593108762131,0.6455441123348045,0.9777777777777777,0.9904761904761905,0.984313725490196,1.0,nan,nan,nan,nan,0.9156626506024096,0.9416666666666667,0,49
0.2287714629542149,0.9528130671506352,0.5330612224329487,0.5176093924428729,0.5707244802681656,1.0,1.0,0.996,0.8571428571428571,nan,nan,nan,nan,0.9331210191082803,0.9209809264305178,1,49
0.20096529473084956,0.9544211485870556,0.5724586550220776,0.5564086611958637,0.6487274518085095,1.0,0.9789473684210527,0.9834710743801653,1.0,nan,nan,nan,nan,0.9322033898305084,0.9439252336448598,2,49
0.04189537709311856,0.9904306220095693,0.8328613356706199,0.8334644922197665,0.832863362749067,nan,nan,nan,nan,0.9937694704049844,1.0,0.9746835443037974,0.9949238578680203,0.9333333333333333,0.9333333333333333,3,49
0.04008662707917741,0.9922928709055877,0.9844967330740961,0.9853634341667702,0.9842207236596675,nan,nan,nan,nan,0.9831649831649831,1.0,1.0,0.9983498349834984,0.9714285714285714,0.9523809523809523,4,49
0.05539307270698638,0.9895833333333334,0.957837121881082,0.95774807234568,0.9581407053346881,nan,nan,nan,nan,0.9934426229508196,0.9285714285714286,0.9696969696969697,0.9967213114754099,0.9473684210526315,0.9130434782608695,5,49
0.10280189084796656,0.9827586206896551,0.8050993925921236,0.8216038961706164,0.7903379909810468,nan,nan,nan,nan,0.9832214765100671,0.8823529411764706,0.9508196721311475,0.9983792544570502,0.9259259259259259,0.7916666666666666,6,49
0.0688285152103638,0.9848053181386515,0.955628065893202,0.9568426031932956,0.9555143041918082,nan,nan,nan,nan,0.9935483870967742,1.0,0.9710144927536232,0.9932088285229203,0.926829268292683,0.8484848484848485,7,49
0.7366637736558914,0.862895493767977,0.48182377331619025,0.4747099405230474,0.528517234410952,nan,nan,nan,nan,0.9763513513513513,0.9166666666666666,0.7183098591549296,0.8174342105263158,0.9333333333333333,0.9230769230769231,8,49
0.041114751253889095,0.9923664122137404,0.9678194612086948,0.9745026055636722,0.9645328133287076,nan,nan,nan,nan,0.9966442953020134,1.0,1.0,1.0,0.9117647058823529,0.8787878787878788,9,49
0.1171732761498895,0.9770220588235294,0.7238588588213957,0.7243497813248091,0.7247174561199399,1.0,0.9927404718693285,1.0,0.90625,0.963265306122449,0.9354838709677419,nan,nan,nan,nan,10,49
0.1207850820141817,0.9805555555555555,0.7287655624869558,0.7289464155156382,0.728999480338844,0.9888888888888889,0.994059405940594,0.9782608695652174,0.9565217391304348,0.9798387096774194,0.9344262295081968,nan,nan,nan,nan,11,49
0.6443470356021342,0.8914233576642335,0.5223770805578585,0.5674451502529125,0.49078147972677344,0.8461538461538461,0.9165085388994307,0.6666666666666666,0.5942028985507246,0.9921259842519685,0.8921568627450981,nan,nan,nan,nan,12,49
0.09679079448369521,0.9789569990850869,0.645999209356267,0.648854727011426,0.6435497520417248,0.9886363636363636,0.9980582524271845,0.9814814814814815,0.9142857142857143,0.9725490196078431,0.9369369369369369,nan,nan,nan,nan,13,49
0.07719357481357078,0.9770220588235294,0.642167807123395,0.6434047034047033,0.6416859288138702,0.9864864864864865,0.9947089947089947,1.0,0.8985507246376812,0.9723502304147466,0.9230769230769231,nan,nan,nan,nan,14,49
